100 4058 1 100
1 100 1
100 1 1
100 1 2
100 1 3
100 1 4
100 1 5
100 1 6
100 1 7
100 1 8
100 1 9
100 1 10
100 1 11
100 1 12
100 1 13
100 1 14
100 1 15
100 1 16
100 1 17
100 1 18
100 1 19
100 1 20
100 1 21
100 1 22
100 1 23
100 1 24
100 1 25
100 1 26
100 1 27
100 1 28
100 1 29
100 1 30
100 1 31
100 1 32
100 1 33
100 1 34
100 1 35
100 1 36
100 1 37
100 1 38
100 1 39
2 100 1
100 2 1
100 2 2
100 2 3
100 2 4
100 2 5
100 2 6
100 2 7
100 2 8
100 2 9
100 2 10
100 2 11
100 2 12
100 2 13
100 2 14
100 2 15
100 2 16
100 2 17
100 2 18
100 2 19
100 2 20
100 2 21
100 2 22
100 2 23
100 2 24
100 2 25
100 2 26
100 2 27
100 2 28
100 2 29
100 2 30
100 2 31
100 2 32
100 2 33
100 2 34
100 2 35
100 2 36
100 2 37
100 2 38
100 2 39
3 100 1
100 3 1
100 3 2
100 3 3
100 3 4
100 3 5
100 3 6
100 3 7
100 3 8
100 3 9
100 3 10
100 3 11
100 3 12
100 3 13
100 3 14
100 3 15
100 3 16
100 3 17
100 3 18
100 3 19
100 3 20
100 3 21
100 3 22
100 3 23
100 3 24
100 3 25
100 3 26
100 3 27
100 3 28
100 3 29
100 3 30
100 3 31
100 3 32
100 3 33
100 3 34
100 3 35
100 3 36
100 3 37
100 3 38
100 3 39
4 100 1
100 4 1
100 4 2
100 4 3
100 4 4
100 4 5
100 4 6
100 4 7
100 4 8
100 4 9
100 4 10
100 4 11
100 4 12
100 4 13
100 4 14
100 4 15
100 4 16
100 4 17
100 4 18
100 4 19
100 4 20
100 4 21
100 4 22
100 4 23
100 4 24
100 4 25
100 4 26
100 4 27
100 4 28
100 4 29
100 4 30
100 4 31
100 4 32
100 4 33
100 4 34
100 4 35
100 4 36
100 4 37
100 4 38
100 4 39
5 100 1
100 5 1
100 5 2
100 5 3
100 5 4
100 5 5
100 5 6
100 5 7
100 5 8
100 5 9
100 5 10
100 5 11
100 5 12
100 5 13
100 5 14
100 5 15
100 5 16
100 5 17
100 5 18
100 5 19
100 5 20
100 5 21
100 5 22
100 5 23
100 5 24
100 5 25
100 5 26
100 5 27
100 5 28
100 5 29
100 5 30
100 5 31
100 5 32
100 5 33
100 5 34
100 5 35
100 5 36
100 5 37
100 5 38
100 5 39
6 100 1
100 6 1
100 6 2
100 6 3
100 6 4
100 6 5
100 6 6
100 6 7
100 6 8
100 6 9
100 6 10
100 6 11
100 6 12
100 6 13
100 6 14
100 6 15
100 6 16
100 6 17
100 6 18
100 6 19
100 6 20
100 6 21
100 6 22
100 6 23
100 6 24
100 6 25
100 6 26
100 6 27
100 6 28
100 6 29
100 6 30
100 6 31
100 6 32
100 6 33
100 6 34
100 6 35
100 6 36
100 6 37
100 6 38
100 6 39
7 100 1
100 7 1
100 7 2
100 7 3
100 7 4
100 7 5
100 7 6
100 7 7
100 7 8
100 7 9
100 7 10
100 7 11
100 7 12
100 7 13
100 7 14
100 7 15
100 7 16
100 7 17
100 7 18
100 7 19
100 7 20
100 7 21
100 7 22
100 7 23
100 7 24
100 7 25
100 7 26
100 7 27
100 7 28
100 7 29
100 7 30
100 7 31
100 7 32
100 7 33
100 7 34
100 7 35
100 7 36
100 7 37
100 7 38
100 7 39
8 100 1
100 8 1
100 8 2
100 8 3
100 8 4
100 8 5
100 8 6
100 8 7
100 8 8
100 8 9
100 8 10
100 8 11
100 8 12
100 8 13
100 8 14
100 8 15
100 8 16
100 8 17
100 8 18
100 8 19
100 8 20
100 8 21
100 8 22
100 8 23
100 8 24
100 8 25
100 8 26
100 8 27
100 8 28
100 8 29
100 8 30
100 8 31
100 8 32
100 8 33
100 8 34
100 8 35
100 8 36
100 8 37
100 8 38
100 8 39
9 100 1
100 9 1
100 9 2
100 9 3
100 9 4
100 9 5
100 9 6
100 9 7
100 9 8
100 9 9
100 9 10
100 9 11
100 9 12
100 9 13
100 9 14
100 9 15
100 9 16
100 9 17
100 9 18
100 9 19
100 9 20
100 9 21
100 9 22
100 9 23
100 9 24
100 9 25
100 9 26
100 9 27
100 9 28
100 9 29
100 9 30
100 9 31
100 9 32
100 9 33
100 9 34
100 9 35
100 9 36
100 9 37
100 9 38
100 9 39
10 100 1
100 10 1
100 10 2
100 10 3
100 10 4
100 10 5
100 10 6
100 10 7
100 10 8
100 10 9
100 10 10
100 10 11
100 10 12
100 10 13
100 10 14
100 10 15
100 10 16
100 10 17
100 10 18
100 10 19
100 10 20
100 10 21
100 10 22
100 10 23
100 10 24
100 10 25
100 10 26
100 10 27
100 10 28
100 10 29
100 10 30
100 10 31
100 10 32
100 10 33
100 10 34
100 10 35
100 10 36
100 10 37
100 10 38
100 10 39
11 100 1
100 11 1
100 11 2
100 11 3
100 11 4
100 11 5
100 11 6
100 11 7
100 11 8
100 11 9
100 11 10
100 11 11
100 11 12
100 11 13
100 11 14
100 11 15
100 11 16
100 11 17
100 11 18
100 11 19
100 11 20
100 11 21
100 11 22
100 11 23
100 11 24
100 11 25
100 11 26
100 11 27
100 11 28
100 11 29
100 11 30
100 11 31
100 11 32
100 11 33
100 11 34
100 11 35
100 11 36
100 11 37
100 11 38
100 11 39
12 100 1
100 12 1
100 12 2
100 12 3
100 12 4
100 12 5
100 12 6
100 12 7
100 12 8
100 12 9
100 12 10
100 12 11
100 12 12
100 12 13
100 12 14
100 12 15
100 12 16
100 12 17
100 12 18
100 12 19
100 12 20
100 12 21
100 12 22
100 12 23
100 12 24
100 12 25
100 12 26
100 12 27
100 12 28
100 12 29
100 12 30
100 12 31
100 12 32
100 12 33
100 12 34
100 12 35
100 12 36
100 12 37
100 12 38
100 12 39
13 100 1
100 13 1
100 13 2
100 13 3
100 13 4
100 13 5
100 13 6
100 13 7
100 13 8
100 13 9
100 13 10
100 13 11
100 13 12
100 13 13
100 13 14
100 13 15
100 13 16
100 13 17
100 13 18
100 13 19
100 13 20
100 13 21
100 13 22
100 13 23
100 13 24
100 13 25
100 13 26
100 13 27
100 13 28
100 13 29
100 13 30
100 13 31
100 13 32
100 13 33
100 13 34
100 13 35
100 13 36
100 13 37
100 13 38
100 13 39
14 100 1
100 14 1
100 14 2
100 14 3
100 14 4
100 14 5
100 14 6
100 14 7
100 14 8
100 14 9
100 14 10
100 14 11
100 14 12
100 14 13
100 14 14
100 14 15
100 14 16
100 14 17
100 14 18
100 14 19
100 14 20
100 14 21
100 14 22
100 14 23
100 14 24
100 14 25
100 14 26
100 14 27
100 14 28
100 14 29
100 14 30
100 14 31
100 14 32
100 14 33
100 14 34
100 14 35
100 14 36
100 14 37
100 14 38
100 14 39
15 100 1
100 15 1
100 15 2
100 15 3
100 15 4
100 15 5
100 15 6
100 15 7
100 15 8
100 15 9
100 15 10
100 15 11
100 15 12
100 15 13
100 15 14
100 15 15
100 15 16
100 15 17
100 15 18
100 15 19
100 15 20
100 15 21
100 15 22
100 15 23
100 15 24
100 15 25
100 15 26
100 15 27
100 15 28
100 15 29
100 15 30
100 15 31
100 15 32
100 15 33
100 15 34
100 15 35
100 15 36
100 15 37
100 15 38
100 15 39
16 100 1
100 16 1
100 16 2
100 16 3
100 16 4
100 16 5
100 16 6
100 16 7
100 16 8
100 16 9
100 16 10
100 16 11
100 16 12
100 16 13
100 16 14
100 16 15
100 16 16
100 16 17
100 16 18
100 16 19
100 16 20
100 16 21
100 16 22
100 16 23
100 16 24
100 16 25
100 16 26
100 16 27
100 16 28
100 16 29
100 16 30
100 16 31
100 16 32
100 16 33
100 16 34
100 16 35
100 16 36
100 16 37
100 16 38
100 16 39
17 100 1
100 17 1
100 17 2
100 17 3
100 17 4
100 17 5
100 17 6
100 17 7
100 17 8
100 17 9
100 17 10
100 17 11
100 17 12
100 17 13
100 17 14
100 17 15
100 17 16
100 17 17
100 17 18
100 17 19
100 17 20
100 17 21
100 17 22
100 17 23
100 17 24
100 17 25
100 17 26
100 17 27
100 17 28
100 17 29
100 17 30
100 17 31
100 17 32
100 17 33
100 17 34
100 17 35
100 17 36
100 17 37
100 17 38
100 17 39
18 100 1
100 18 1
100 18 2
100 18 3
100 18 4
100 18 5
100 18 6
100 18 7
100 18 8
100 18 9
100 18 10
100 18 11
100 18 12
100 18 13
100 18 14
100 18 15
100 18 16
100 18 17
100 18 18
100 18 19
100 18 20
100 18 21
100 18 22
100 18 23
100 18 24
100 18 25
100 18 26
100 18 27
100 18 28
100 18 29
100 18 30
100 18 31
100 18 32
100 18 33
100 18 34
100 18 35
100 18 36
100 18 37
100 18 38
100 18 39
19 100 1
100 19 1
100 19 2
100 19 3
100 19 4
100 19 5
100 19 6
100 19 7
100 19 8
100 19 9
100 19 10
100 19 11
100 19 12
100 19 13
100 19 14
100 19 15
100 19 16
100 19 17
100 19 18
100 19 19
100 19 20
100 19 21
100 19 22
100 19 23
100 19 24
100 19 25
100 19 26
100 19 27
100 19 28
100 19 29
100 19 30
100 19 31
100 19 32
100 19 33
100 19 34
100 19 35
100 19 36
100 19 37
100 19 38
100 19 39
20 100 1
100 20 1
100 20 2
100 20 3
100 20 4
100 20 5
100 20 6
100 20 7
100 20 8
100 20 9
100 20 10
100 20 11
100 20 12
100 20 13
100 20 14
100 20 15
100 20 16
100 20 17
100 20 18
100 20 19
100 20 20
100 20 21
100 20 22
100 20 23
100 20 24
100 20 25
100 20 26
100 20 27
100 20 28
100 20 29
100 20 30
100 20 31
100 20 32
100 20 33
100 20 34
100 20 35
100 20 36
100 20 37
100 20 38
100 20 39
21 100 1
100 21 1
100 21 2
100 21 3
100 21 4
100 21 5
100 21 6
100 21 7
100 21 8
100 21 9
100 21 10
100 21 11
100 21 12
100 21 13
100 21 14
100 21 15
100 21 16
100 21 17
100 21 18
100 21 19
100 21 20
100 21 21
100 21 22
100 21 23
100 21 24
100 21 25
100 21 26
100 21 27
100 21 28
100 21 29
100 21 30
100 21 31
100 21 32
100 21 33
100 21 34
100 21 35
100 21 36
100 21 37
100 21 38
100 21 39
22 100 1
100 22 1
100 22 2
100 22 3
100 22 4
100 22 5
100 22 6
100 22 7
100 22 8
100 22 9
100 22 10
100 22 11
100 22 12
100 22 13
100 22 14
100 22 15
100 22 16
100 22 17
100 22 18
100 22 19
100 22 20
100 22 21
100 22 22
100 22 23
100 22 24
100 22 25
100 22 26
100 22 27
100 22 28
100 22 29
100 22 30
100 22 31
100 22 32
100 22 33
100 22 34
100 22 35
100 22 36
100 22 37
100 22 38
100 22 39
23 100 1
100 23 1
100 23 2
100 23 3
100 23 4
100 23 5
100 23 6
100 23 7
100 23 8
100 23 9
100 23 10
100 23 11
100 23 12
100 23 13
100 23 14
100 23 15
100 23 16
100 23 17
100 23 18
100 23 19
100 23 20
100 23 21
100 23 22
100 23 23
100 23 24
100 23 25
100 23 26
100 23 27
100 23 28
100 23 29
100 23 30
100 23 31
100 23 32
100 23 33
100 23 34
100 23 35
100 23 36
100 23 37
100 23 38
100 23 39
24 100 1
100 24 1
100 24 2
100 24 3
100 24 4
100 24 5
100 24 6
100 24 7
100 24 8
100 24 9
100 24 10
100 24 11
100 24 12
100 24 13
100 24 14
100 24 15
100 24 16
100 24 17
100 24 18
100 24 19
100 24 20
100 24 21
100 24 22
100 24 23
100 24 24
100 24 25
100 24 26
100 24 27
100 24 28
100 24 29
100 24 30
100 24 31
100 24 32
100 24 33
100 24 34
100 24 35
100 24 36
100 24 37
100 24 38
100 24 39
25 100 1
100 25 1
100 25 2
100 25 3
100 25 4
100 25 5
100 25 6
100 25 7
100 25 8
100 25 9
100 25 10
100 25 11
100 25 12
100 25 13
100 25 14
100 25 15
100 25 16
100 25 17
100 25 18
100 25 19
100 25 20
100 25 21
100 25 22
100 25 23
100 25 24
100 25 25
100 25 26
100 25 27
100 25 28
100 25 29
100 25 30
100 25 31
100 25 32
100 25 33
100 25 34
100 25 35
100 25 36
100 25 37
100 25 38
100 25 39
26 100 1
100 26 1
100 26 2
100 26 3
100 26 4
100 26 5
100 26 6
100 26 7
100 26 8
100 26 9
100 26 10
100 26 11
100 26 12
100 26 13
100 26 14
100 26 15
100 26 16
100 26 17
100 26 18
100 26 19
100 26 20
100 26 21
100 26 22
100 26 23
100 26 24
100 26 25
100 26 26
100 26 27
100 26 28
100 26 29
100 26 30
100 26 31
100 26 32
100 26 33
100 26 34
100 26 35
100 26 36
100 26 37
100 26 38
100 26 39
27 100 1
100 27 1
100 27 2
100 27 3
100 27 4
100 27 5
100 27 6
100 27 7
100 27 8
100 27 9
100 27 10
100 27 11
100 27 12
100 27 13
100 27 14
100 27 15
100 27 16
100 27 17
100 27 18
100 27 19
100 27 20
100 27 21
100 27 22
100 27 23
100 27 24
100 27 25
100 27 26
100 27 27
100 27 28
100 27 29
100 27 30
100 27 31
100 27 32
100 27 33
100 27 34
100 27 35
100 27 36
100 27 37
100 27 38
100 27 39
28 100 1
100 28 1
100 28 2
100 28 3
100 28 4
100 28 5
100 28 6
100 28 7
100 28 8
100 28 9
100 28 10
100 28 11
100 28 12
100 28 13
100 28 14
100 28 15
100 28 16
100 28 17
100 28 18
100 28 19
100 28 20
100 28 21
100 28 22
100 28 23
100 28 24
100 28 25
100 28 26
100 28 27
100 28 28
100 28 29
100 28 30
100 28 31
100 28 32
100 28 33
100 28 34
100 28 35
100 28 36
100 28 37
100 28 38
100 28 39
29 100 1
100 29 1
100 29 2
100 29 3
100 29 4
100 29 5
100 29 6
100 29 7
100 29 8
100 29 9
100 29 10
100 29 11
100 29 12
100 29 13
100 29 14
100 29 15
100 29 16
100 29 17
100 29 18
100 29 19
100 29 20
100 29 21
100 29 22
100 29 23
100 29 24
100 29 25
100 29 26
100 29 27
100 29 28
100 29 29
100 29 30
100 29 31
100 29 32
100 29 33
100 29 34
100 29 35
100 29 36
100 29 37
100 29 38
100 29 39
30 100 1
100 30 1
100 30 2
100 30 3
100 30 4
100 30 5
100 30 6
100 30 7
100 30 8
100 30 9
100 30 10
100 30 11
100 30 12
100 30 13
100 30 14
100 30 15
100 30 16
100 30 17
100 30 18
100 30 19
100 30 20
100 30 21
100 30 22
100 30 23
100 30 24
100 30 25
100 30 26
100 30 27
100 30 28
100 30 29
100 30 30
100 30 31
100 30 32
100 30 33
100 30 34
100 30 35
100 30 36
100 30 37
100 30 38
100 30 39
31 100 1
100 31 1
100 31 2
100 31 3
100 31 4
100 31 5
100 31 6
100 31 7
100 31 8
100 31 9
100 31 10
100 31 11
100 31 12
100 31 13
100 31 14
100 31 15
100 31 16
100 31 17
100 31 18
100 31 19
100 31 20
100 31 21
100 31 22
100 31 23
100 31 24
100 31 25
100 31 26
100 31 27
100 31 28
100 31 29
100 31 30
100 31 31
100 31 32
100 31 33
100 31 34
100 31 35
100 31 36
100 31 37
100 31 38
100 31 39
32 100 1
100 32 1
100 32 2
100 32 3
100 32 4
100 32 5
100 32 6
100 32 7
100 32 8
100 32 9
100 32 10
100 32 11
100 32 12
100 32 13
100 32 14
100 32 15
100 32 16
100 32 17
100 32 18
100 32 19
100 32 20
100 32 21
100 32 22
100 32 23
100 32 24
100 32 25
100 32 26
100 32 27
100 32 28
100 32 29
100 32 30
100 32 31
100 32 32
100 32 33
100 32 34
100 32 35
100 32 36
100 32 37
100 32 38
100 32 39
33 100 1
100 33 1
100 33 2
100 33 3
100 33 4
100 33 5
100 33 6
100 33 7
100 33 8
100 33 9
100 33 10
100 33 11
100 33 12
100 33 13
100 33 14
100 33 15
100 33 16
100 33 17
100 33 18
100 33 19
100 33 20
100 33 21
100 33 22
100 33 23
100 33 24
100 33 25
100 33 26
100 33 27
100 33 28
100 33 29
100 33 30
100 33 31
100 33 32
100 33 33
100 33 34
100 33 35
100 33 36
100 33 37
100 33 38
100 33 39
34 100 1
100 34 1
100 34 2
100 34 3
100 34 4
100 34 5
100 34 6
100 34 7
100 34 8
100 34 9
100 34 10
100 34 11
100 34 12
100 34 13
100 34 14
100 34 15
100 34 16
100 34 17
100 34 18
100 34 19
100 34 20
100 34 21
100 34 22
100 34 23
100 34 24
100 34 25
100 34 26
100 34 27
100 34 28
100 34 29
100 34 30
100 34 31
100 34 32
100 34 33
100 34 34
100 34 35
100 34 36
100 34 37
100 34 38
100 34 39
35 100 1
100 35 1
100 35 2
100 35 3
100 35 4
100 35 5
100 35 6
100 35 7
100 35 8
100 35 9
100 35 10
100 35 11
100 35 12
100 35 13
100 35 14
100 35 15
100 35 16
100 35 17
100 35 18
100 35 19
100 35 20
100 35 21
100 35 22
100 35 23
100 35 24
100 35 25
100 35 26
100 35 27
100 35 28
100 35 29
100 35 30
100 35 31
100 35 32
100 35 33
100 35 34
100 35 35
100 35 36
100 35 37
100 35 38
100 35 39
36 100 1
100 36 1
100 36 2
100 36 3
100 36 4
100 36 5
100 36 6
100 36 7
100 36 8
100 36 9
100 36 10
100 36 11
100 36 12
100 36 13
100 36 14
100 36 15
100 36 16
100 36 17
100 36 18
100 36 19
100 36 20
100 36 21
100 36 22
100 36 23
100 36 24
100 36 25
100 36 26
100 36 27
100 36 28
100 36 29
100 36 30
100 36 31
100 36 32
100 36 33
100 36 34
100 36 35
100 36 36
100 36 37
100 36 38
100 36 39
37 100 1
100 37 1
100 37 2
100 37 3
100 37 4
100 37 5
100 37 6
100 37 7
100 37 8
100 37 9
100 37 10
100 37 11
100 37 12
100 37 13
100 37 14
100 37 15
100 37 16
100 37 17
100 37 18
100 37 19
100 37 20
100 37 21
100 37 22
100 37 23
100 37 24
100 37 25
100 37 26
100 37 27
100 37 28
100 37 29
100 37 30
100 37 31
100 37 32
100 37 33
100 37 34
100 37 35
100 37 36
100 37 37
100 37 38
100 37 39
38 100 1
100 38 1
100 38 2
100 38 3
100 38 4
100 38 5
100 38 6
100 38 7
100 38 8
100 38 9
100 38 10
100 38 11
100 38 12
100 38 13
100 38 14
100 38 15
100 38 16
100 38 17
100 38 18
100 38 19
100 38 20
100 38 21
100 38 22
100 38 23
100 38 24
100 38 25
100 38 26
100 38 27
100 38 28
100 38 29
100 38 30
100 38 31
100 38 32
100 38 33
100 38 34
100 38 35
100 38 36
100 38 37
100 38 38
100 38 39
39 100 1
100 39 1
100 39 2
100 39 3
100 39 4
100 39 5
100 39 6
100 39 7
100 39 8
100 39 9
100 39 10
100 39 11
100 39 12
100 39 13
100 39 14
100 39 15
100 39 16
100 39 17
100 39 18
100 39 19
100 39 20
100 39 21
100 39 22
100 39 23
100 39 24
100 39 25
100 39 26
100 39 27
100 39 28
100 39 29
100 39 30
100 39 31
100 39 32
100 39 33
100 39 34
100 39 35
100 39 36
100 39 37
100 39 38
100 39 39
40 100 1
100 40 1
100 40 2
100 40 3
100 40 4
100 40 5
100 40 6
100 40 7
100 40 8
100 40 9
100 40 10
100 40 11
100 40 12
100 40 13
100 40 14
100 40 15
100 40 16
100 40 17
100 40 18
100 40 19
100 40 20
100 40 21
100 40 22
100 40 23
100 40 24
100 40 25
100 40 26
100 40 27
100 40 28
100 40 29
100 40 30
100 40 31
100 40 32
100 40 33
100 40 34
100 40 35
100 40 36
100 40 37
100 40 38
100 40 39
41 100 1
100 41 1
100 41 2
100 41 3
100 41 4
100 41 5
100 41 6
100 41 7
100 41 8
100 41 9
100 41 10
100 41 11
100 41 12
100 41 13
100 41 14
100 41 15
100 41 16
100 41 17
100 41 18
100 41 19
100 41 20
100 41 21
100 41 22
100 41 23
100 41 24
100 41 25
100 41 26
100 41 27
100 41 28
100 41 29
100 41 30
100 41 31
100 41 32
100 41 33
100 41 34
100 41 35
100 41 36
100 41 37
100 41 38
100 41 39
42 100 1
100 42 1
100 42 2
100 42 3
100 42 4
100 42 5
100 42 6
100 42 7
100 42 8
100 42 9
100 42 10
100 42 11
100 42 12
100 42 13
100 42 14
100 42 15
100 42 16
100 42 17
100 42 18
100 42 19
100 42 20
100 42 21
100 42 22
100 42 23
100 42 24
100 42 25
100 42 26
100 42 27
100 42 28
100 42 29
100 42 30
100 42 31
100 42 32
100 42 33
100 42 34
100 42 35
100 42 36
100 42 37
100 42 38
100 42 39
43 100 1
100 43 1
100 43 2
100 43 3
100 43 4
100 43 5
100 43 6
100 43 7
100 43 8
100 43 9
100 43 10
100 43 11
100 43 12
100 43 13
100 43 14
100 43 15
100 43 16
100 43 17
100 43 18
100 43 19
100 43 20
100 43 21
100 43 22
100 43 23
100 43 24
100 43 25
100 43 26
100 43 27
100 43 28
100 43 29
100 43 30
100 43 31
100 43 32
100 43 33
100 43 34
100 43 35
100 43 36
100 43 37
100 43 38
100 43 39
44 100 1
100 44 1
100 44 2
100 44 3
100 44 4
100 44 5
100 44 6
100 44 7
100 44 8
100 44 9
100 44 10
100 44 11
100 44 12
100 44 13
100 44 14
100 44 15
100 44 16
100 44 17
100 44 18
100 44 19
100 44 20
100 44 21
100 44 22
100 44 23
100 44 24
100 44 25
100 44 26
100 44 27
100 44 28
100 44 29
100 44 30
100 44 31
100 44 32
100 44 33
100 44 34
100 44 35
100 44 36
100 44 37
100 44 38
100 44 39
45 100 1
100 45 1
100 45 2
100 45 3
100 45 4
100 45 5
100 45 6
100 45 7
100 45 8
100 45 9
100 45 10
100 45 11
100 45 12
100 45 13
100 45 14
100 45 15
100 45 16
100 45 17
100 45 18
100 45 19
100 45 20
100 45 21
100 45 22
100 45 23
100 45 24
100 45 25
100 45 26
100 45 27
100 45 28
100 45 29
100 45 30
100 45 31
100 45 32
100 45 33
100 45 34
100 45 35
100 45 36
100 45 37
100 45 38
100 45 39
46 100 1
100 46 1
100 46 2
100 46 3
100 46 4
100 46 5
100 46 6
100 46 7
100 46 8
100 46 9
100 46 10
100 46 11
100 46 12
100 46 13
100 46 14
100 46 15
100 46 16
100 46 17
100 46 18
100 46 19
100 46 20
100 46 21
100 46 22
100 46 23
100 46 24
100 46 25
100 46 26
100 46 27
100 46 28
100 46 29
100 46 30
100 46 31
100 46 32
100 46 33
100 46 34
100 46 35
100 46 36
100 46 37
100 46 38
100 46 39
47 100 1
100 47 1
100 47 2
100 47 3
100 47 4
100 47 5
100 47 6
100 47 7
100 47 8
100 47 9
100 47 10
100 47 11
100 47 12
100 47 13
100 47 14
100 47 15
100 47 16
100 47 17
100 47 18
100 47 19
100 47 20
100 47 21
100 47 22
100 47 23
100 47 24
100 47 25
100 47 26
100 47 27
100 47 28
100 47 29
100 47 30
100 47 31
100 47 32
100 47 33
100 47 34
100 47 35
100 47 36
100 47 37
100 47 38
100 47 39
48 100 1
100 48 1
100 48 2
100 48 3
100 48 4
100 48 5
100 48 6
100 48 7
100 48 8
100 48 9
100 48 10
100 48 11
100 48 12
100 48 13
100 48 14
100 48 15
100 48 16
100 48 17
100 48 18
100 48 19
100 48 20
100 48 21
100 48 22
100 48 23
100 48 24
100 48 25
100 48 26
100 48 27
100 48 28
100 48 29
100 48 30
100 48 31
100 48 32
100 48 33
100 48 34
100 48 35
100 48 36
100 48 37
100 48 38
100 48 39
49 100 1
100 49 1
100 49 2
100 49 3
100 49 4
100 49 5
100 49 6
100 49 7
100 49 8
100 49 9
100 49 10
100 49 11
100 49 12
100 49 13
100 49 14
100 49 15
100 49 16
100 49 17
100 49 18
100 49 19
100 49 20
100 49 21
100 49 22
100 49 23
100 49 24
100 49 25
100 49 26
100 49 27
100 49 28
100 49 29
100 49 30
100 49 31
100 49 32
100 49 33
100 49 34
100 49 35
100 49 36
100 49 37
100 49 38
100 49 39
50 100 1
100 50 1
100 50 2
100 50 3
100 50 4
100 50 5
100 50 6
100 50 7
100 50 8
100 50 9
100 50 10
100 50 11
100 50 12
100 50 13
100 50 14
100 50 15
100 50 16
100 50 17
100 50 18
100 50 19
100 50 20
100 50 21
100 50 22
100 50 23
100 50 24
100 50 25
100 50 26
100 50 27
100 50 28
100 50 29
100 50 30
100 50 31
100 50 32
100 50 33
100 50 34
100 50 35
100 50 36
100 50 37
100 50 38
100 50 39
51 100 1
100 51 1
100 51 2
100 51 3
100 51 4
100 51 5
100 51 6
100 51 7
100 51 8
100 51 9
100 51 10
100 51 11
100 51 12
100 51 13
100 51 14
100 51 15
100 51 16
100 51 17
100 51 18
100 51 19
100 51 20
100 51 21
100 51 22
100 51 23
100 51 24
100 51 25
100 51 26
100 51 27
100 51 28
100 51 29
100 51 30
100 51 31
100 51 32
100 51 33
100 51 34
100 51 35
100 51 36
100 51 37
100 51 38
100 51 39
52 100 1
100 52 1
100 52 2
100 52 3
100 52 4
100 52 5
100 52 6
100 52 7
100 52 8
100 52 9
100 52 10
100 52 11
100 52 12
100 52 13
100 52 14
100 52 15
100 52 16
100 52 17
100 52 18
100 52 19
100 52 20
100 52 21
100 52 22
100 52 23
100 52 24
100 52 25
100 52 26
100 52 27
100 52 28
100 52 29
100 52 30
100 52 31
100 52 32
100 52 33
100 52 34
100 52 35
100 52 36
100 52 37
100 52 38
100 52 39
53 100 1
100 53 1
100 53 2
100 53 3
100 53 4
100 53 5
100 53 6
100 53 7
100 53 8
100 53 9
100 53 10
100 53 11
100 53 12
100 53 13
100 53 14
100 53 15
100 53 16
100 53 17
100 53 18
100 53 19
100 53 20
100 53 21
100 53 22
100 53 23
100 53 24
100 53 25
100 53 26
100 53 27
100 53 28
100 53 29
100 53 30
100 53 31
100 53 32
100 53 33
100 53 34
100 53 35
100 53 36
100 53 37
100 53 38
100 53 39
54 100 1
100 54 1
100 54 2
100 54 3
100 54 4
100 54 5
100 54 6
100 54 7
100 54 8
100 54 9
100 54 10
100 54 11
100 54 12
100 54 13
100 54 14
100 54 15
100 54 16
100 54 17
100 54 18
100 54 19
100 54 20
100 54 21
100 54 22
100 54 23
100 54 24
100 54 25
100 54 26
100 54 27
100 54 28
100 54 29
100 54 30
100 54 31
100 54 32
100 54 33
100 54 34
100 54 35
100 54 36
100 54 37
100 54 38
100 54 39
55 100 1
100 55 1
100 55 2
100 55 3
100 55 4
100 55 5
100 55 6
100 55 7
100 55 8
100 55 9
100 55 10
100 55 11
100 55 12
100 55 13
100 55 14
100 55 15
100 55 16
100 55 17
100 55 18
100 55 19
100 55 20
100 55 21
100 55 22
100 55 23
100 55 24
100 55 25
100 55 26
100 55 27
100 55 28
100 55 29
100 55 30
100 55 31
100 55 32
100 55 33
100 55 34
100 55 35
100 55 36
100 55 37
100 55 38
100 55 39
56 100 1
100 56 1
100 56 2
100 56 3
100 56 4
100 56 5
100 56 6
100 56 7
100 56 8
100 56 9
100 56 10
100 56 11
100 56 12
100 56 13
100 56 14
100 56 15
100 56 16
100 56 17
100 56 18
100 56 19
100 56 20
100 56 21
100 56 22
100 56 23
100 56 24
100 56 25
100 56 26
100 56 27
100 56 28
100 56 29
100 56 30
100 56 31
100 56 32
100 56 33
100 56 34
100 56 35
100 56 36
100 56 37
100 56 38
100 56 39
57 100 1
100 57 1
100 57 2
100 57 3
100 57 4
100 57 5
100 57 6
100 57 7
100 57 8
100 57 9
100 57 10
100 57 11
100 57 12
100 57 13
100 57 14
100 57 15
100 57 16
100 57 17
100 57 18
100 57 19
100 57 20
100 57 21
100 57 22
100 57 23
100 57 24
100 57 25
100 57 26
100 57 27
100 57 28
100 57 29
100 57 30
100 57 31
100 57 32
100 57 33
100 57 34
100 57 35
100 57 36
100 57 37
100 57 38
100 57 39
58 100 1
100 58 1
100 58 2
100 58 3
100 58 4
100 58 5
100 58 6
100 58 7
100 58 8
100 58 9
100 58 10
100 58 11
100 58 12
100 58 13
100 58 14
100 58 15
100 58 16
100 58 17
100 58 18
100 58 19
100 58 20
100 58 21
100 58 22
100 58 23
100 58 24
100 58 25
100 58 26
100 58 27
100 58 28
100 58 29
100 58 30
100 58 31
100 58 32
100 58 33
100 58 34
100 58 35
100 58 36
100 58 37
100 58 38
100 58 39
59 100 1
100 59 1
100 59 2
100 59 3
100 59 4
100 59 5
100 59 6
100 59 7
100 59 8
100 59 9
100 59 10
100 59 11
100 59 12
100 59 13
100 59 14
100 59 15
100 59 16
100 59 17
100 59 18
100 59 19
100 59 20
100 59 21
100 59 22
100 59 23
100 59 24
100 59 25
100 59 26
100 59 27
100 59 28
100 59 29
100 59 30
100 59 31
100 59 32
100 59 33
100 59 34
100 59 35
100 59 36
100 59 37
100 59 38
100 59 39
60 100 1
100 60 1
100 60 2
100 60 3
100 60 4
100 60 5
100 60 6
100 60 7
100 60 8
100 60 9
100 60 10
100 60 11
100 60 12
100 60 13
100 60 14
100 60 15
100 60 16
100 60 17
100 60 18
100 60 19
100 60 20
100 60 21
100 60 22
100 60 23
100 60 24
100 60 25
100 60 26
100 60 27
100 60 28
100 60 29
100 60 30
100 60 31
100 60 32
100 60 33
100 60 34
100 60 35
100 60 36
100 60 37
100 60 38
100 60 39
61 100 1
100 61 1
100 61 2
100 61 3
100 61 4
100 61 5
100 61 6
100 61 7
100 61 8
100 61 9
100 61 10
100 61 11
100 61 12
100 61 13
100 61 14
100 61 15
100 61 16
100 61 17
100 61 18
100 61 19
100 61 20
100 61 21
100 61 22
100 61 23
100 61 24
100 61 25
100 61 26
100 61 27
100 61 28
100 61 29
100 61 30
100 61 31
100 61 32
100 61 33
100 61 34
100 61 35
100 61 36
100 61 37
100 61 38
100 61 39
62 100 1
100 62 1
100 62 2
100 62 3
100 62 4
100 62 5
100 62 6
100 62 7
100 62 8
100 62 9
100 62 10
100 62 11
100 62 12
100 62 13
100 62 14
100 62 15
100 62 16
100 62 17
100 62 18
100 62 19
100 62 20
100 62 21
100 62 22
100 62 23
100 62 24
100 62 25
100 62 26
100 62 27
100 62 28
100 62 29
100 62 30
100 62 31
100 62 32
100 62 33
100 62 34
100 62 35
100 62 36
100 62 37
100 62 38
100 62 39
63 100 1
100 63 1
100 63 2
100 63 3
100 63 4
100 63 5
100 63 6
100 63 7
100 63 8
100 63 9
100 63 10
100 63 11
100 63 12
100 63 13
100 63 14
100 63 15
100 63 16
100 63 17
100 63 18
100 63 19
100 63 20
100 63 21
100 63 22
100 63 23
100 63 24
100 63 25
100 63 26
100 63 27
100 63 28
100 63 29
100 63 30
100 63 31
100 63 32
100 63 33
100 63 34
100 63 35
100 63 36
100 63 37
100 63 38
100 63 39
64 100 1
100 64 1
100 64 2
100 64 3
100 64 4
100 64 5
100 64 6
100 64 7
100 64 8
100 64 9
100 64 10
100 64 11
100 64 12
100 64 13
100 64 14
100 64 15
100 64 16
100 64 17
100 64 18
100 64 19
100 64 20
100 64 21
100 64 22
100 64 23
100 64 24
100 64 25
100 64 26
100 64 27
100 64 28
100 64 29
100 64 30
100 64 31
100 64 32
100 64 33
100 64 34
100 64 35
100 64 36
100 64 37
100 64 38
100 64 39
65 100 1
100 65 1
100 65 2
100 65 3
100 65 4
100 65 5
100 65 6
100 65 7
100 65 8
100 65 9
100 65 10
100 65 11
100 65 12
100 65 13
100 65 14
100 65 15
100 65 16
100 65 17
100 65 18
100 65 19
100 65 20
100 65 21
100 65 22
100 65 23
100 65 24
100 65 25
100 65 26
100 65 27
100 65 28
100 65 29
100 65 30
100 65 31
100 65 32
100 65 33
100 65 34
100 65 35
100 65 36
100 65 37
100 65 38
100 65 39
66 100 1
100 66 1
100 66 2
100 66 3
100 66 4
100 66 5
100 66 6
100 66 7
100 66 8
100 66 9
100 66 10
100 66 11
100 66 12
100 66 13
100 66 14
100 66 15
100 66 16
100 66 17
100 66 18
100 66 19
100 66 20
100 66 21
100 66 22
100 66 23
100 66 24
100 66 25
100 66 26
100 66 27
100 66 28
100 66 29
100 66 30
100 66 31
100 66 32
100 66 33
100 66 34
100 66 35
100 66 36
100 66 37
100 66 38
100 66 39
67 100 1
100 67 1
100 67 2
100 67 3
100 67 4
100 67 5
100 67 6
100 67 7
100 67 8
100 67 9
100 67 10
100 67 11
100 67 12
100 67 13
100 67 14
100 67 15
100 67 16
100 67 17
100 67 18
100 67 19
100 67 20
100 67 21
100 67 22
100 67 23
100 67 24
100 67 25
100 67 26
100 67 27
100 67 28
100 67 29
100 67 30
100 67 31
100 67 32
100 67 33
100 67 34
100 67 35
100 67 36
100 67 37
100 67 38
100 67 39
68 100 1
100 68 1
100 68 2
100 68 3
100 68 4
100 68 5
100 68 6
100 68 7
100 68 8
100 68 9
100 68 10
100 68 11
100 68 12
100 68 13
100 68 14
100 68 15
100 68 16
100 68 17
100 68 18
100 68 19
100 68 20
100 68 21
100 68 22
100 68 23
100 68 24
100 68 25
100 68 26
100 68 27
100 68 28
100 68 29
100 68 30
100 68 31
100 68 32
100 68 33
100 68 34
100 68 35
100 68 36
100 68 37
100 68 38
100 68 39
69 100 1
100 69 1
100 69 2
100 69 3
100 69 4
100 69 5
100 69 6
100 69 7
100 69 8
100 69 9
100 69 10
100 69 11
100 69 12
100 69 13
100 69 14
100 69 15
100 69 16
100 69 17
100 69 18
100 69 19
100 69 20
100 69 21
100 69 22
100 69 23
100 69 24
100 69 25
100 69 26
100 69 27
100 69 28
100 69 29
100 69 30
100 69 31
100 69 32
100 69 33
100 69 34
100 69 35
100 69 36
100 69 37
100 69 38
100 69 39
70 100 1
100 70 1
100 70 2
100 70 3
100 70 4
100 70 5
100 70 6
100 70 7
100 70 8
100 70 9
100 70 10
100 70 11
100 70 12
100 70 13
100 70 14
100 70 15
100 70 16
100 70 17
100 70 18
100 70 19
100 70 20
100 70 21
100 70 22
100 70 23
100 70 24
100 70 25
100 70 26
100 70 27
100 70 28
100 70 29
100 70 30
100 70 31
100 70 32
100 70 33
100 70 34
100 70 35
100 70 36
100 70 37
100 70 38
100 70 39
71 100 1
100 71 1
100 71 2
100 71 3
100 71 4
100 71 5
100 71 6
100 71 7
100 71 8
100 71 9
100 71 10
100 71 11
100 71 12
100 71 13
100 71 14
100 71 15
100 71 16
100 71 17
100 71 18
100 71 19
100 71 20
100 71 21
100 71 22
100 71 23
100 71 24
100 71 25
100 71 26
100 71 27
100 71 28
100 71 29
100 71 30
100 71 31
100 71 32
100 71 33
100 71 34
100 71 35
100 71 36
100 71 37
100 71 38
100 71 39
72 100 1
100 72 1
100 72 2
100 72 3
100 72 4
100 72 5
100 72 6
100 72 7
100 72 8
100 72 9
100 72 10
100 72 11
100 72 12
100 72 13
100 72 14
100 72 15
100 72 16
100 72 17
100 72 18
100 72 19
100 72 20
100 72 21
100 72 22
100 72 23
100 72 24
100 72 25
100 72 26
100 72 27
100 72 28
100 72 29
100 72 30
100 72 31
100 72 32
100 72 33
100 72 34
100 72 35
100 72 36
100 72 37
100 72 38
100 72 39
73 100 1
100 73 1
100 73 2
100 73 3
100 73 4
100 73 5
100 73 6
100 73 7
100 73 8
100 73 9
100 73 10
100 73 11
100 73 12
100 73 13
100 73 14
100 73 15
100 73 16
100 73 17
100 73 18
100 73 19
100 73 20
100 73 21
100 73 22
100 73 23
100 73 24
100 73 25
100 73 26
100 73 27
100 73 28
100 73 29
100 73 30
100 73 31
100 73 32
100 73 33
100 73 34
100 73 35
100 73 36
100 73 37
100 73 38
100 73 39
74 100 1
100 74 1
100 74 2
100 74 3
100 74 4
100 74 5
100 74 6
100 74 7
100 74 8
100 74 9
100 74 10
100 74 11
100 74 12
100 74 13
100 74 14
100 74 15
100 74 16
100 74 17
100 74 18
100 74 19
100 74 20
100 74 21
100 74 22
100 74 23
100 74 24
100 74 25
100 74 26
100 74 27
100 74 28
100 74 29
100 74 30
100 74 31
100 74 32
100 74 33
100 74 34
100 74 35
100 74 36
100 74 37
100 74 38
100 74 39
75 100 1
100 75 1
100 75 2
100 75 3
100 75 4
100 75 5
100 75 6
100 75 7
100 75 8
100 75 9
100 75 10
100 75 11
100 75 12
100 75 13
100 75 14
100 75 15
100 75 16
100 75 17
100 75 18
100 75 19
100 75 20
100 75 21
100 75 22
100 75 23
100 75 24
100 75 25
100 75 26
100 75 27
100 75 28
100 75 29
100 75 30
100 75 31
100 75 32
100 75 33
100 75 34
100 75 35
100 75 36
100 75 37
100 75 38
100 75 39
76 100 1
100 76 1
100 76 2
100 76 3
100 76 4
100 76 5
100 76 6
100 76 7
100 76 8
100 76 9
100 76 10
100 76 11
100 76 12
100 76 13
100 76 14
100 76 15
100 76 16
100 76 17
100 76 18
100 76 19
100 76 20
100 76 21
100 76 22
100 76 23
100 76 24
100 76 25
100 76 26
100 76 27
100 76 28
100 76 29
100 76 30
100 76 31
100 76 32
100 76 33
100 76 34
100 76 35
100 76 36
100 76 37
100 76 38
100 76 39
77 100 1
100 77 1
100 77 2
100 77 3
100 77 4
100 77 5
100 77 6
100 77 7
100 77 8
100 77 9
100 77 10
100 77 11
100 77 12
100 77 13
100 77 14
100 77 15
100 77 16
100 77 17
100 77 18
100 77 19
100 77 20
100 77 21
100 77 22
100 77 23
100 77 24
100 77 25
100 77 26
100 77 27
100 77 28
100 77 29
100 77 30
100 77 31
100 77 32
100 77 33
100 77 34
100 77 35
100 77 36
100 77 37
100 77 38
100 77 39
78 100 1
100 78 1
100 78 2
100 78 3
100 78 4
100 78 5
100 78 6
100 78 7
100 78 8
100 78 9
100 78 10
100 78 11
100 78 12
100 78 13
100 78 14
100 78 15
100 78 16
100 78 17
100 78 18
100 78 19
100 78 20
100 78 21
100 78 22
100 78 23
100 78 24
100 78 25
100 78 26
100 78 27
100 78 28
100 78 29
100 78 30
100 78 31
100 78 32
100 78 33
100 78 34
100 78 35
100 78 36
100 78 37
100 78 38
100 78 39
79 100 1
100 79 1
100 79 2
100 79 3
100 79 4
100 79 5
100 79 6
100 79 7
100 79 8
100 79 9
100 79 10
100 79 11
100 79 12
100 79 13
100 79 14
100 79 15
100 79 16
100 79 17
100 79 18
100 79 19
100 79 20
100 79 21
100 79 22
100 79 23
100 79 24
100 79 25
100 79 26
100 79 27
100 79 28
100 79 29
100 79 30
100 79 31
100 79 32
100 79 33
100 79 34
100 79 35
100 79 36
100 79 37
100 79 38
100 79 39
80 100 1
100 80 1
100 80 2
100 80 3
100 80 4
100 80 5
100 80 6
100 80 7
100 80 8
100 80 9
100 80 10
100 80 11
100 80 12
100 80 13
100 80 14
100 80 15
100 80 16
100 80 17
100 80 18
100 80 19
100 80 20
100 80 21
100 80 22
100 80 23
100 80 24
100 80 25
100 80 26
100 80 27
100 80 28
100 80 29
100 80 30
100 80 31
100 80 32
100 80 33
100 80 34
100 80 35
100 80 36
100 80 37
100 80 38
100 80 39
81 100 1
100 81 1
100 81 2
100 81 3
100 81 4
100 81 5
100 81 6
100 81 7
100 81 8
100 81 9
100 81 10
100 81 11
100 81 12
100 81 13
100 81 14
100 81 15
100 81 16
100 81 17
100 81 18
100 81 19
100 81 20
100 81 21
100 81 22
100 81 23
100 81 24
100 81 25
100 81 26
100 81 27
100 81 28
100 81 29
100 81 30
100 81 31
100 81 32
100 81 33
100 81 34
100 81 35
100 81 36
100 81 37
100 81 38
100 81 39
82 100 1
100 82 1
100 82 2
100 82 3
100 82 4
100 82 5
100 82 6
100 82 7
100 82 8
100 82 9
100 82 10
100 82 11
100 82 12
100 82 13
100 82 14
100 82 15
100 82 16
100 82 17
100 82 18
100 82 19
100 82 20
100 82 21
100 82 22
100 82 23
100 82 24
100 82 25
100 82 26
100 82 27
100 82 28
100 82 29
100 82 30
100 82 31
100 82 32
100 82 33
100 82 34
100 82 35
100 82 36
100 82 37
100 82 38
100 82 39
83 100 1
100 83 1
100 83 2
100 83 3
100 83 4
100 83 5
100 83 6
100 83 7
100 83 8
100 83 9
100 83 10
100 83 11
100 83 12
100 83 13
100 83 14
100 83 15
100 83 16
100 83 17
100 83 18
100 83 19
100 83 20
100 83 21
100 83 22
100 83 23
100 83 24
100 83 25
100 83 26
100 83 27
100 83 28
100 83 29
100 83 30
100 83 31
100 83 32
100 83 33
100 83 34
100 83 35
100 83 36
100 83 37
100 83 38
100 83 39
84 100 1
100 84 1
100 84 2
100 84 3
100 84 4
100 84 5
100 84 6
100 84 7
100 84 8
100 84 9
100 84 10
100 84 11
100 84 12
100 84 13
100 84 14
100 84 15
100 84 16
100 84 17
100 84 18
100 84 19
100 84 20
100 84 21
100 84 22
100 84 23
100 84 24
100 84 25
100 84 26
100 84 27
100 84 28
100 84 29
100 84 30
100 84 31
100 84 32
100 84 33
100 84 34
100 84 35
100 84 36
100 84 37
100 84 38
100 84 39
85 100 1
100 85 1
100 85 2
100 85 3
100 85 4
100 85 5
100 85 6
100 85 7
100 85 8
100 85 9
100 85 10
100 85 11
100 85 12
100 85 13
100 85 14
100 85 15
100 85 16
100 85 17
100 85 18
100 85 19
100 85 20
100 85 21
100 85 22
100 85 23
100 85 24
100 85 25
100 85 26
100 85 27
100 85 28
100 85 29
100 85 30
100 85 31
100 85 32
100 85 33
100 85 34
100 85 35
100 85 36
100 85 37
100 85 38
100 85 39
86 100 1
100 86 1
100 86 2
100 86 3
100 86 4
100 86 5
100 86 6
100 86 7
100 86 8
100 86 9
100 86 10
100 86 11
100 86 12
100 86 13
100 86 14
100 86 15
100 86 16
100 86 17
100 86 18
100 86 19
100 86 20
100 86 21
100 86 22
100 86 23
100 86 24
100 86 25
100 86 26
100 86 27
100 86 28
100 86 29
100 86 30
100 86 31
100 86 32
100 86 33
100 86 34
100 86 35
100 86 36
100 86 37
100 86 38
100 86 39
87 100 1
100 87 1
100 87 2
100 87 3
100 87 4
100 87 5
100 87 6
100 87 7
100 87 8
100 87 9
100 87 10
100 87 11
100 87 12
100 87 13
100 87 14
100 87 15
100 87 16
100 87 17
100 87 18
100 87 19
100 87 20
100 87 21
100 87 22
100 87 23
100 87 24
100 87 25
100 87 26
100 87 27
100 87 28
100 87 29
100 87 30
100 87 31
100 87 32
100 87 33
100 87 34
100 87 35
100 87 36
100 87 37
100 87 38
100 87 39
88 100 1
100 88 1
100 88 2
100 88 3
100 88 4
100 88 5
100 88 6
100 88 7
100 88 8
100 88 9
100 88 10
100 88 11
100 88 12
100 88 13
100 88 14
100 88 15
100 88 16
100 88 17
100 88 18
100 88 19
100 88 20
100 88 21
100 88 22
100 88 23
100 88 24
100 88 25
100 88 26
100 88 27
100 88 28
100 88 29
100 88 30
100 88 31
100 88 32
100 88 33
100 88 34
100 88 35
100 88 36
100 88 37
100 88 38
100 88 39
89 100 1
100 89 1
100 89 2
100 89 3
100 89 4
100 89 5
100 89 6
100 89 7
100 89 8
100 89 9
100 89 10
100 89 11
100 89 12
100 89 13
100 89 14
100 89 15
100 89 16
100 89 17
100 89 18
100 89 19
100 89 20
100 89 21
100 89 22
100 89 23
100 89 24
100 89 25
100 89 26
100 89 27
100 89 28
100 89 29
100 89 30
100 89 31
100 89 32
100 89 33
100 89 34
100 89 35
100 89 36
100 89 37
100 89 38
100 89 39
90 100 1
100 90 1
100 90 2
100 90 3
100 90 4
100 90 5
100 90 6
100 90 7
100 90 8
100 90 9
100 90 10
100 90 11
100 90 12
100 90 13
100 90 14
100 90 15
100 90 16
100 90 17
100 90 18
100 90 19
100 90 20
100 90 21
100 90 22
100 90 23
100 90 24
100 90 25
100 90 26
100 90 27
100 90 28
100 90 29
100 90 30
100 90 31
100 90 32
100 90 33
100 90 34
100 90 35
100 90 36
100 90 37
100 90 38
100 90 39
91 100 1
100 91 1
100 91 2
100 91 3
100 91 4
100 91 5
100 91 6
100 91 7
100 91 8
100 91 9
100 91 10
100 91 11
100 91 12
100 91 13
100 91 14
100 91 15
100 91 16
100 91 17
100 91 18
100 91 19
100 91 20
100 91 21
100 91 22
100 91 23
100 91 24
100 91 25
100 91 26
100 91 27
100 91 28
100 91 29
100 91 30
100 91 31
100 91 32
100 91 33
100 91 34
100 91 35
100 91 36
100 91 37
100 91 38
100 91 39
92 100 1
100 92 1
100 92 2
100 92 3
100 92 4
100 92 5
100 92 6
100 92 7
100 92 8
100 92 9
100 92 10
100 92 11
100 92 12
100 92 13
100 92 14
100 92 15
100 92 16
100 92 17
100 92 18
100 92 19
100 92 20
100 92 21
100 92 22
100 92 23
100 92 24
100 92 25
100 92 26
100 92 27
100 92 28
100 92 29
100 92 30
100 92 31
100 92 32
100 92 33
100 92 34
100 92 35
100 92 36
100 92 37
100 92 38
100 92 39
93 100 1
100 93 1
100 93 2
100 93 3
100 93 4
100 93 5
100 93 6
100 93 7
100 93 8
100 93 9
100 93 10
100 93 11
100 93 12
100 93 13
100 93 14
100 93 15
100 93 16
100 93 17
100 93 18
100 93 19
100 93 20
100 93 21
100 93 22
100 93 23
100 93 24
100 93 25
100 93 26
100 93 27
100 93 28
100 93 29
100 93 30
100 93 31
100 93 32
100 93 33
100 93 34
100 93 35
100 93 36
100 93 37
100 93 38
100 93 39
94 100 1
100 94 1
100 94 2
100 94 3
100 94 4
100 94 5
100 94 6
100 94 7
100 94 8
100 94 9
100 94 10
100 94 11
100 94 12
100 94 13
100 94 14
100 94 15
100 94 16
100 94 17
100 94 18
100 94 19
100 94 20
100 94 21
100 94 22
100 94 23
100 94 24
100 94 25
100 94 26
100 94 27
100 94 28
100 94 29
100 94 30
100 94 31
100 94 32
100 94 33
100 94 34
100 94 35
100 94 36
100 94 37
100 94 38
100 94 39
95 100 1
100 95 1
100 95 2
100 95 3
100 95 4
100 95 5
100 95 6
100 95 7
100 95 8
100 95 9
100 95 10
100 95 11
100 95 12
100 95 13
100 95 14
100 95 15
100 95 16
100 95 17
100 95 18
100 95 19
100 95 20
100 95 21
100 95 22
100 95 23
100 95 24
100 95 25
100 95 26
100 95 27
100 95 28
100 95 29
100 95 30
100 95 31
100 95 32
100 95 33
100 95 34
100 95 35
100 95 36
100 95 37
100 95 38
100 95 39
96 100 1
100 96 1
100 96 2
100 96 3
100 96 4
100 96 5
100 96 6
100 96 7
100 96 8
100 96 9
100 96 10
100 96 11
100 96 12
100 96 13
100 96 14
100 96 15
100 96 16
100 96 17
100 96 18
100 96 19
100 96 20
100 96 21
100 96 22
100 96 23
100 96 24
100 96 25
100 96 26
100 96 27
100 96 28
100 96 29
100 96 30
100 96 31
100 96 32
100 96 33
100 96 34
100 96 35
100 96 36
100 96 37
100 96 38
100 96 39
97 100 1
100 97 1
100 97 2
100 97 3
100 97 4
100 97 5
100 97 6
100 97 7
100 97 8
100 97 9
100 97 10
100 97 11
100 97 12
100 97 13
100 97 14
100 97 15
100 97 16
100 97 17
100 97 18
100 97 19
100 97 20
100 97 21
100 97 22
100 97 23
100 97 24
100 97 25
100 97 26
100 97 27
100 97 28
100 97 29
100 97 30
100 97 31
100 97 32
100 97 33
100 97 34
100 97 35
100 97 36
100 97 37
100 97 38
100 97 39
98 100 1
100 98 1
100 98 2
100 98 3
100 98 4
100 98 5
100 98 6
100 98 7
100 98 8
100 98 9
100 98 10
100 98 11
100 98 12
100 98 13
100 98 14
100 98 15
100 98 16
100 98 17
100 98 18
100 98 19
100 98 20
100 98 21
100 98 22
100 98 23
100 98 24
100 98 25
100 98 26
100 98 27
100 98 28
100 98 29
100 98 30
100 98 31
100 98 32
100 98 33
100 98 34
100 98 35
100 98 36
100 98 37
100 98 38
100 98 39
99 100 1
100 99 1
100 99 2
100 99 3
100 99 4
100 99 5
100 99 6
100 99 7
100 99 8
100 99 9
100 99 10
100 99 11
100 99 12
100 99 13
100 99 14
100 99 15
100 99 16
100 99 17
100 99 18
100 99 19
100 99 20
100 99 21
100 99 22
100 99 23
100 99 24
100 99 25
100 99 26
100 99 27
100 99 28
100 99 29
100 99 30
100 99 31
100 99 32
100 99 33
100 99 34
100 99 35
100 99 36
100 99 37
100 99 38
100 99 39
1 2 1000
2 3 1000
3 4 1000
4 5 1000
5 6 1000
6 7 1000
7 8 1000
8 9 1000
9 10 1000
10 11 1000
11 12 1000
12 13 1000
13 14 1000
14 15 1000
15 16 1000
16 17 1000
17 18 1000
18 19 1000
19 20 1000
20 21 1000
21 22 1000
22 23 1000
23 24 1000
24 25 1000
25 26 1000
26 27 1000
27 28 1000
28 29 1000
29 30 1000
30 31 1000
31 32 1000
32 33 1000
33 34 1000
34 35 1000
35 36 1000
36 37 1000
37 38 1000
38 39 1000
39 40 1000
40 41 1000
41 42 1000
42 43 1000
43 44 1000
44 45 1000
45 46 1000
46 47 1000
47 48 1000
48 49 1000
49 50 1000
50 51 1000
51 52 1000
52 53 1000
53 54 1000
54 55 1000
55 56 1000
56 57 1000
57 58 1000
58 59 1000
59 60 1000
60 61 1000
61 62 1000
62 63 1000
63 64 1000
64 65 1000
65 66 1000
66 67 1000
67 68 1000
68 69 1000
69 70 1000
70 71 1000
71 72 1000
72 73 1000
73 74 1000
74 75 1000
75 76 1000
76 77 1000
77 78 1000
78 79 1000
79 80 1000
80 81 1000
81 82 1000
82 83 1000
83 84 1000
84 85 1000
85 86 1000
86 87 1000
87 88 1000
88 89 1000
89 90 1000
90 91 1000
91 92 1000
92 93 1000
93 94 1000
94 95 1000
95 96 1000
96 97 1000
97 98 1000
98 99 1000
