2000 4994 1 2000
1 1001 9996
1 2 1
2 1001 9992
2 3 1
3 1001 9988
3 4 1
4 1001 9984
4 5 1
5 1001 9980
5 6 1
6 1001 9976
6 7 1
7 1001 9972
7 8 1
8 1001 9968
8 9 1
9 1001 9964
9 10 1
10 1001 9960
10 11 1
11 1001 9956
11 12 1
12 1001 9952
12 13 1
13 1001 9948
13 14 1
14 1001 9944
14 15 1
15 1001 9940
15 16 1
16 1001 9936
16 17 1
17 1001 9932
17 18 1
18 1001 9928
18 19 1
19 1001 9924
19 20 1
20 1001 9920
20 21 1
21 1001 9916
21 22 1
22 1001 9912
22 23 1
23 1001 9908
23 24 1
24 1001 9904
24 25 1
25 1001 9900
25 26 1
26 1001 9896
26 27 1
27 1001 9892
27 28 1
28 1001 9888
28 29 1
29 1001 9884
29 30 1
30 1001 9880
30 31 1
31 1001 9876
31 32 1
32 1001 9872
32 33 1
33 1001 9868
33 34 1
34 1001 9864
34 35 1
35 1001 9860
35 36 1
36 1001 9856
36 37 1
37 1001 9852
37 38 1
38 1001 9848
38 39 1
39 1001 9844
39 40 1
40 1001 9840
40 41 1
41 1001 9836
41 42 1
42 1001 9832
42 43 1
43 1001 9828
43 44 1
44 1001 9824
44 45 1
45 1001 9820
45 46 1
46 1001 9816
46 47 1
47 1001 9812
47 48 1
48 1001 9808
48 49 1
49 1001 9804
49 50 1
50 1001 9800
50 51 1
51 1001 9796
51 52 1
52 1001 9792
52 53 1
53 1001 9788
53 54 1
54 1001 9784
54 55 1
55 1001 9780
55 56 1
56 1001 9776
56 57 1
57 1001 9772
57 58 1
58 1001 9768
58 59 1
59 1001 9764
59 60 1
60 1001 9760
60 61 1
61 1001 9756
61 62 1
62 1001 9752
62 63 1
63 1001 9748
63 64 1
64 1001 9744
64 65 1
65 1001 9740
65 66 1
66 1001 9736
66 67 1
67 1001 9732
67 68 1
68 1001 9728
68 69 1
69 1001 9724
69 70 1
70 1001 9720
70 71 1
71 1001 9716
71 72 1
72 1001 9712
72 73 1
73 1001 9708
73 74 1
74 1001 9704
74 75 1
75 1001 9700
75 76 1
76 1001 9696
76 77 1
77 1001 9692
77 78 1
78 1001 9688
78 79 1
79 1001 9684
79 80 1
80 1001 9680
80 81 1
81 1001 9676
81 82 1
82 1001 9672
82 83 1
83 1001 9668
83 84 1
84 1001 9664
84 85 1
85 1001 9660
85 86 1
86 1001 9656
86 87 1
87 1001 9652
87 88 1
88 1001 9648
88 89 1
89 1001 9644
89 90 1
90 1001 9640
90 91 1
91 1001 9636
91 92 1
92 1001 9632
92 93 1
93 1001 9628
93 94 1
94 1001 9624
94 95 1
95 1001 9620
95 96 1
96 1001 9616
96 97 1
97 1001 9612
97 98 1
98 1001 9608
98 99 1
99 1001 9604
99 100 1
100 1001 9600
100 101 1
101 1001 9596
101 102 1
102 1001 9592
102 103 1
103 1001 9588
103 104 1
104 1001 9584
104 105 1
105 1001 9580
105 106 1
106 1001 9576
106 107 1
107 1001 9572
107 108 1
108 1001 9568
108 109 1
109 1001 9564
109 110 1
110 1001 9560
110 111 1
111 1001 9556
111 112 1
112 1001 9552
112 113 1
113 1001 9548
113 114 1
114 1001 9544
114 115 1
115 1001 9540
115 116 1
116 1001 9536
116 117 1
117 1001 9532
117 118 1
118 1001 9528
118 119 1
119 1001 9524
119 120 1
120 1001 9520
120 121 1
121 1001 9516
121 122 1
122 1001 9512
122 123 1
123 1001 9508
123 124 1
124 1001 9504
124 125 1
125 1001 9500
125 126 1
126 1001 9496
126 127 1
127 1001 9492
127 128 1
128 1001 9488
128 129 1
129 1001 9484
129 130 1
130 1001 9480
130 131 1
131 1001 9476
131 132 1
132 1001 9472
132 133 1
133 1001 9468
133 134 1
134 1001 9464
134 135 1
135 1001 9460
135 136 1
136 1001 9456
136 137 1
137 1001 9452
137 138 1
138 1001 9448
138 139 1
139 1001 9444
139 140 1
140 1001 9440
140 141 1
141 1001 9436
141 142 1
142 1001 9432
142 143 1
143 1001 9428
143 144 1
144 1001 9424
144 145 1
145 1001 9420
145 146 1
146 1001 9416
146 147 1
147 1001 9412
147 148 1
148 1001 9408
148 149 1
149 1001 9404
149 150 1
150 1001 9400
150 151 1
151 1001 9396
151 152 1
152 1001 9392
152 153 1
153 1001 9388
153 154 1
154 1001 9384
154 155 1
155 1001 9380
155 156 1
156 1001 9376
156 157 1
157 1001 9372
157 158 1
158 1001 9368
158 159 1
159 1001 9364
159 160 1
160 1001 9360
160 161 1
161 1001 9356
161 162 1
162 1001 9352
162 163 1
163 1001 9348
163 164 1
164 1001 9344
164 165 1
165 1001 9340
165 166 1
166 1001 9336
166 167 1
167 1001 9332
167 168 1
168 1001 9328
168 169 1
169 1001 9324
169 170 1
170 1001 9320
170 171 1
171 1001 9316
171 172 1
172 1001 9312
172 173 1
173 1001 9308
173 174 1
174 1001 9304
174 175 1
175 1001 9300
175 176 1
176 1001 9296
176 177 1
177 1001 9292
177 178 1
178 1001 9288
178 179 1
179 1001 9284
179 180 1
180 1001 9280
180 181 1
181 1001 9276
181 182 1
182 1001 9272
182 183 1
183 1001 9268
183 184 1
184 1001 9264
184 185 1
185 1001 9260
185 186 1
186 1001 9256
186 187 1
187 1001 9252
187 188 1
188 1001 9248
188 189 1
189 1001 9244
189 190 1
190 1001 9240
190 191 1
191 1001 9236
191 192 1
192 1001 9232
192 193 1
193 1001 9228
193 194 1
194 1001 9224
194 195 1
195 1001 9220
195 196 1
196 1001 9216
196 197 1
197 1001 9212
197 198 1
198 1001 9208
198 199 1
199 1001 9204
199 200 1
200 1001 9200
200 201 1
201 1001 9196
201 202 1
202 1001 9192
202 203 1
203 1001 9188
203 204 1
204 1001 9184
204 205 1
205 1001 9180
205 206 1
206 1001 9176
206 207 1
207 1001 9172
207 208 1
208 1001 9168
208 209 1
209 1001 9164
209 210 1
210 1001 9160
210 211 1
211 1001 9156
211 212 1
212 1001 9152
212 213 1
213 1001 9148
213 214 1
214 1001 9144
214 215 1
215 1001 9140
215 216 1
216 1001 9136
216 217 1
217 1001 9132
217 218 1
218 1001 9128
218 219 1
219 1001 9124
219 220 1
220 1001 9120
220 221 1
221 1001 9116
221 222 1
222 1001 9112
222 223 1
223 1001 9108
223 224 1
224 1001 9104
224 225 1
225 1001 9100
225 226 1
226 1001 9096
226 227 1
227 1001 9092
227 228 1
228 1001 9088
228 229 1
229 1001 9084
229 230 1
230 1001 9080
230 231 1
231 1001 9076
231 232 1
232 1001 9072
232 233 1
233 1001 9068
233 234 1
234 1001 9064
234 235 1
235 1001 9060
235 236 1
236 1001 9056
236 237 1
237 1001 9052
237 238 1
238 1001 9048
238 239 1
239 1001 9044
239 240 1
240 1001 9040
240 241 1
241 1001 9036
241 242 1
242 1001 9032
242 243 1
243 1001 9028
243 244 1
244 1001 9024
244 245 1
245 1001 9020
245 246 1
246 1001 9016
246 247 1
247 1001 9012
247 248 1
248 1001 9008
248 249 1
249 1001 9004
249 250 1
250 1001 9000
250 251 1
251 1001 8996
251 252 1
252 1001 8992
252 253 1
253 1001 8988
253 254 1
254 1001 8984
254 255 1
255 1001 8980
255 256 1
256 1001 8976
256 257 1
257 1001 8972
257 258 1
258 1001 8968
258 259 1
259 1001 8964
259 260 1
260 1001 8960
260 261 1
261 1001 8956
261 262 1
262 1001 8952
262 263 1
263 1001 8948
263 264 1
264 1001 8944
264 265 1
265 1001 8940
265 266 1
266 1001 8936
266 267 1
267 1001 8932
267 268 1
268 1001 8928
268 269 1
269 1001 8924
269 270 1
270 1001 8920
270 271 1
271 1001 8916
271 272 1
272 1001 8912
272 273 1
273 1001 8908
273 274 1
274 1001 8904
274 275 1
275 1001 8900
275 276 1
276 1001 8896
276 277 1
277 1001 8892
277 278 1
278 1001 8888
278 279 1
279 1001 8884
279 280 1
280 1001 8880
280 281 1
281 1001 8876
281 282 1
282 1001 8872
282 283 1
283 1001 8868
283 284 1
284 1001 8864
284 285 1
285 1001 8860
285 286 1
286 1001 8856
286 287 1
287 1001 8852
287 288 1
288 1001 8848
288 289 1
289 1001 8844
289 290 1
290 1001 8840
290 291 1
291 1001 8836
291 292 1
292 1001 8832
292 293 1
293 1001 8828
293 294 1
294 1001 8824
294 295 1
295 1001 8820
295 296 1
296 1001 8816
296 297 1
297 1001 8812
297 298 1
298 1001 8808
298 299 1
299 1001 8804
299 300 1
300 1001 8800
300 301 1
301 1001 8796
301 302 1
302 1001 8792
302 303 1
303 1001 8788
303 304 1
304 1001 8784
304 305 1
305 1001 8780
305 306 1
306 1001 8776
306 307 1
307 1001 8772
307 308 1
308 1001 8768
308 309 1
309 1001 8764
309 310 1
310 1001 8760
310 311 1
311 1001 8756
311 312 1
312 1001 8752
312 313 1
313 1001 8748
313 314 1
314 1001 8744
314 315 1
315 1001 8740
315 316 1
316 1001 8736
316 317 1
317 1001 8732
317 318 1
318 1001 8728
318 319 1
319 1001 8724
319 320 1
320 1001 8720
320 321 1
321 1001 8716
321 322 1
322 1001 8712
322 323 1
323 1001 8708
323 324 1
324 1001 8704
324 325 1
325 1001 8700
325 326 1
326 1001 8696
326 327 1
327 1001 8692
327 328 1
328 1001 8688
328 329 1
329 1001 8684
329 330 1
330 1001 8680
330 331 1
331 1001 8676
331 332 1
332 1001 8672
332 333 1
333 1001 8668
333 334 1
334 1001 8664
334 335 1
335 1001 8660
335 336 1
336 1001 8656
336 337 1
337 1001 8652
337 338 1
338 1001 8648
338 339 1
339 1001 8644
339 340 1
340 1001 8640
340 341 1
341 1001 8636
341 342 1
342 1001 8632
342 343 1
343 1001 8628
343 344 1
344 1001 8624
344 345 1
345 1001 8620
345 346 1
346 1001 8616
346 347 1
347 1001 8612
347 348 1
348 1001 8608
348 349 1
349 1001 8604
349 350 1
350 1001 8600
350 351 1
351 1001 8596
351 352 1
352 1001 8592
352 353 1
353 1001 8588
353 354 1
354 1001 8584
354 355 1
355 1001 8580
355 356 1
356 1001 8576
356 357 1
357 1001 8572
357 358 1
358 1001 8568
358 359 1
359 1001 8564
359 360 1
360 1001 8560
360 361 1
361 1001 8556
361 362 1
362 1001 8552
362 363 1
363 1001 8548
363 364 1
364 1001 8544
364 365 1
365 1001 8540
365 366 1
366 1001 8536
366 367 1
367 1001 8532
367 368 1
368 1001 8528
368 369 1
369 1001 8524
369 370 1
370 1001 8520
370 371 1
371 1001 8516
371 372 1
372 1001 8512
372 373 1
373 1001 8508
373 374 1
374 1001 8504
374 375 1
375 1001 8500
375 376 1
376 1001 8496
376 377 1
377 1001 8492
377 378 1
378 1001 8488
378 379 1
379 1001 8484
379 380 1
380 1001 8480
380 381 1
381 1001 8476
381 382 1
382 1001 8472
382 383 1
383 1001 8468
383 384 1
384 1001 8464
384 385 1
385 1001 8460
385 386 1
386 1001 8456
386 387 1
387 1001 8452
387 388 1
388 1001 8448
388 389 1
389 1001 8444
389 390 1
390 1001 8440
390 391 1
391 1001 8436
391 392 1
392 1001 8432
392 393 1
393 1001 8428
393 394 1
394 1001 8424
394 395 1
395 1001 8420
395 396 1
396 1001 8416
396 397 1
397 1001 8412
397 398 1
398 1001 8408
398 399 1
399 1001 8404
399 400 1
400 1001 8400
400 401 1
401 1001 8396
401 402 1
402 1001 8392
402 403 1
403 1001 8388
403 404 1
404 1001 8384
404 405 1
405 1001 8380
405 406 1
406 1001 8376
406 407 1
407 1001 8372
407 408 1
408 1001 8368
408 409 1
409 1001 8364
409 410 1
410 1001 8360
410 411 1
411 1001 8356
411 412 1
412 1001 8352
412 413 1
413 1001 8348
413 414 1
414 1001 8344
414 415 1
415 1001 8340
415 416 1
416 1001 8336
416 417 1
417 1001 8332
417 418 1
418 1001 8328
418 419 1
419 1001 8324
419 420 1
420 1001 8320
420 421 1
421 1001 8316
421 422 1
422 1001 8312
422 423 1
423 1001 8308
423 424 1
424 1001 8304
424 425 1
425 1001 8300
425 426 1
426 1001 8296
426 427 1
427 1001 8292
427 428 1
428 1001 8288
428 429 1
429 1001 8284
429 430 1
430 1001 8280
430 431 1
431 1001 8276
431 432 1
432 1001 8272
432 433 1
433 1001 8268
433 434 1
434 1001 8264
434 435 1
435 1001 8260
435 436 1
436 1001 8256
436 437 1
437 1001 8252
437 438 1
438 1001 8248
438 439 1
439 1001 8244
439 440 1
440 1001 8240
440 441 1
441 1001 8236
441 442 1
442 1001 8232
442 443 1
443 1001 8228
443 444 1
444 1001 8224
444 445 1
445 1001 8220
445 446 1
446 1001 8216
446 447 1
447 1001 8212
447 448 1
448 1001 8208
448 449 1
449 1001 8204
449 450 1
450 1001 8200
450 451 1
451 1001 8196
451 452 1
452 1001 8192
452 453 1
453 1001 8188
453 454 1
454 1001 8184
454 455 1
455 1001 8180
455 456 1
456 1001 8176
456 457 1
457 1001 8172
457 458 1
458 1001 8168
458 459 1
459 1001 8164
459 460 1
460 1001 8160
460 461 1
461 1001 8156
461 462 1
462 1001 8152
462 463 1
463 1001 8148
463 464 1
464 1001 8144
464 465 1
465 1001 8140
465 466 1
466 1001 8136
466 467 1
467 1001 8132
467 468 1
468 1001 8128
468 469 1
469 1001 8124
469 470 1
470 1001 8120
470 471 1
471 1001 8116
471 472 1
472 1001 8112
472 473 1
473 1001 8108
473 474 1
474 1001 8104
474 475 1
475 1001 8100
475 476 1
476 1001 8096
476 477 1
477 1001 8092
477 478 1
478 1001 8088
478 479 1
479 1001 8084
479 480 1
480 1001 8080
480 481 1
481 1001 8076
481 482 1
482 1001 8072
482 483 1
483 1001 8068
483 484 1
484 1001 8064
484 485 1
485 1001 8060
485 486 1
486 1001 8056
486 487 1
487 1001 8052
487 488 1
488 1001 8048
488 489 1
489 1001 8044
489 490 1
490 1001 8040
490 491 1
491 1001 8036
491 492 1
492 1001 8032
492 493 1
493 1001 8028
493 494 1
494 1001 8024
494 495 1
495 1001 8020
495 496 1
496 1001 8016
496 497 1
497 1001 8012
497 498 1
498 1001 8008
498 499 1
499 1001 8004
499 500 1
500 1001 8000
500 501 1
501 1001 7996
501 502 1
502 1001 7992
502 503 1
503 1001 7988
503 504 1
504 1001 7984
504 505 1
505 1001 7980
505 506 1
506 1001 7976
506 507 1
507 1001 7972
507 508 1
508 1001 7968
508 509 1
509 1001 7964
509 510 1
510 1001 7960
510 511 1
511 1001 7956
511 512 1
512 1001 7952
512 513 1
513 1001 7948
513 514 1
514 1001 7944
514 515 1
515 1001 7940
515 516 1
516 1001 7936
516 517 1
517 1001 7932
517 518 1
518 1001 7928
518 519 1
519 1001 7924
519 520 1
520 1001 7920
520 521 1
521 1001 7916
521 522 1
522 1001 7912
522 523 1
523 1001 7908
523 524 1
524 1001 7904
524 525 1
525 1001 7900
525 526 1
526 1001 7896
526 527 1
527 1001 7892
527 528 1
528 1001 7888
528 529 1
529 1001 7884
529 530 1
530 1001 7880
530 531 1
531 1001 7876
531 532 1
532 1001 7872
532 533 1
533 1001 7868
533 534 1
534 1001 7864
534 535 1
535 1001 7860
535 536 1
536 1001 7856
536 537 1
537 1001 7852
537 538 1
538 1001 7848
538 539 1
539 1001 7844
539 540 1
540 1001 7840
540 541 1
541 1001 7836
541 542 1
542 1001 7832
542 543 1
543 1001 7828
543 544 1
544 1001 7824
544 545 1
545 1001 7820
545 546 1
546 1001 7816
546 547 1
547 1001 7812
547 548 1
548 1001 7808
548 549 1
549 1001 7804
549 550 1
550 1001 7800
550 551 1
551 1001 7796
551 552 1
552 1001 7792
552 553 1
553 1001 7788
553 554 1
554 1001 7784
554 555 1
555 1001 7780
555 556 1
556 1001 7776
556 557 1
557 1001 7772
557 558 1
558 1001 7768
558 559 1
559 1001 7764
559 560 1
560 1001 7760
560 561 1
561 1001 7756
561 562 1
562 1001 7752
562 563 1
563 1001 7748
563 564 1
564 1001 7744
564 565 1
565 1001 7740
565 566 1
566 1001 7736
566 567 1
567 1001 7732
567 568 1
568 1001 7728
568 569 1
569 1001 7724
569 570 1
570 1001 7720
570 571 1
571 1001 7716
571 572 1
572 1001 7712
572 573 1
573 1001 7708
573 574 1
574 1001 7704
574 575 1
575 1001 7700
575 576 1
576 1001 7696
576 577 1
577 1001 7692
577 578 1
578 1001 7688
578 579 1
579 1001 7684
579 580 1
580 1001 7680
580 581 1
581 1001 7676
581 582 1
582 1001 7672
582 583 1
583 1001 7668
583 584 1
584 1001 7664
584 585 1
585 1001 7660
585 586 1
586 1001 7656
586 587 1
587 1001 7652
587 588 1
588 1001 7648
588 589 1
589 1001 7644
589 590 1
590 1001 7640
590 591 1
591 1001 7636
591 592 1
592 1001 7632
592 593 1
593 1001 7628
593 594 1
594 1001 7624
594 595 1
595 1001 7620
595 596 1
596 1001 7616
596 597 1
597 1001 7612
597 598 1
598 1001 7608
598 599 1
599 1001 7604
599 600 1
600 1001 7600
600 601 1
601 1001 7596
601 602 1
602 1001 7592
602 603 1
603 1001 7588
603 604 1
604 1001 7584
604 605 1
605 1001 7580
605 606 1
606 1001 7576
606 607 1
607 1001 7572
607 608 1
608 1001 7568
608 609 1
609 1001 7564
609 610 1
610 1001 7560
610 611 1
611 1001 7556
611 612 1
612 1001 7552
612 613 1
613 1001 7548
613 614 1
614 1001 7544
614 615 1
615 1001 7540
615 616 1
616 1001 7536
616 617 1
617 1001 7532
617 618 1
618 1001 7528
618 619 1
619 1001 7524
619 620 1
620 1001 7520
620 621 1
621 1001 7516
621 622 1
622 1001 7512
622 623 1
623 1001 7508
623 624 1
624 1001 7504
624 625 1
625 1001 7500
625 626 1
626 1001 7496
626 627 1
627 1001 7492
627 628 1
628 1001 7488
628 629 1
629 1001 7484
629 630 1
630 1001 7480
630 631 1
631 1001 7476
631 632 1
632 1001 7472
632 633 1
633 1001 7468
633 634 1
634 1001 7464
634 635 1
635 1001 7460
635 636 1
636 1001 7456
636 637 1
637 1001 7452
637 638 1
638 1001 7448
638 639 1
639 1001 7444
639 640 1
640 1001 7440
640 641 1
641 1001 7436
641 642 1
642 1001 7432
642 643 1
643 1001 7428
643 644 1
644 1001 7424
644 645 1
645 1001 7420
645 646 1
646 1001 7416
646 647 1
647 1001 7412
647 648 1
648 1001 7408
648 649 1
649 1001 7404
649 650 1
650 1001 7400
650 651 1
651 1001 7396
651 652 1
652 1001 7392
652 653 1
653 1001 7388
653 654 1
654 1001 7384
654 655 1
655 1001 7380
655 656 1
656 1001 7376
656 657 1
657 1001 7372
657 658 1
658 1001 7368
658 659 1
659 1001 7364
659 660 1
660 1001 7360
660 661 1
661 1001 7356
661 662 1
662 1001 7352
662 663 1
663 1001 7348
663 664 1
664 1001 7344
664 665 1
665 1001 7340
665 666 1
666 1001 7336
666 667 1
667 1001 7332
667 668 1
668 1001 7328
668 669 1
669 1001 7324
669 670 1
670 1001 7320
670 671 1
671 1001 7316
671 672 1
672 1001 7312
672 673 1
673 1001 7308
673 674 1
674 1001 7304
674 675 1
675 1001 7300
675 676 1
676 1001 7296
676 677 1
677 1001 7292
677 678 1
678 1001 7288
678 679 1
679 1001 7284
679 680 1
680 1001 7280
680 681 1
681 1001 7276
681 682 1
682 1001 7272
682 683 1
683 1001 7268
683 684 1
684 1001 7264
684 685 1
685 1001 7260
685 686 1
686 1001 7256
686 687 1
687 1001 7252
687 688 1
688 1001 7248
688 689 1
689 1001 7244
689 690 1
690 1001 7240
690 691 1
691 1001 7236
691 692 1
692 1001 7232
692 693 1
693 1001 7228
693 694 1
694 1001 7224
694 695 1
695 1001 7220
695 696 1
696 1001 7216
696 697 1
697 1001 7212
697 698 1
698 1001 7208
698 699 1
699 1001 7204
699 700 1
700 1001 7200
700 701 1
701 1001 7196
701 702 1
702 1001 7192
702 703 1
703 1001 7188
703 704 1
704 1001 7184
704 705 1
705 1001 7180
705 706 1
706 1001 7176
706 707 1
707 1001 7172
707 708 1
708 1001 7168
708 709 1
709 1001 7164
709 710 1
710 1001 7160
710 711 1
711 1001 7156
711 712 1
712 1001 7152
712 713 1
713 1001 7148
713 714 1
714 1001 7144
714 715 1
715 1001 7140
715 716 1
716 1001 7136
716 717 1
717 1001 7132
717 718 1
718 1001 7128
718 719 1
719 1001 7124
719 720 1
720 1001 7120
720 721 1
721 1001 7116
721 722 1
722 1001 7112
722 723 1
723 1001 7108
723 724 1
724 1001 7104
724 725 1
725 1001 7100
725 726 1
726 1001 7096
726 727 1
727 1001 7092
727 728 1
728 1001 7088
728 729 1
729 1001 7084
729 730 1
730 1001 7080
730 731 1
731 1001 7076
731 732 1
732 1001 7072
732 733 1
733 1001 7068
733 734 1
734 1001 7064
734 735 1
735 1001 7060
735 736 1
736 1001 7056
736 737 1
737 1001 7052
737 738 1
738 1001 7048
738 739 1
739 1001 7044
739 740 1
740 1001 7040
740 741 1
741 1001 7036
741 742 1
742 1001 7032
742 743 1
743 1001 7028
743 744 1
744 1001 7024
744 745 1
745 1001 7020
745 746 1
746 1001 7016
746 747 1
747 1001 7012
747 748 1
748 1001 7008
748 749 1
749 1001 7004
749 750 1
750 1001 7000
750 751 1
751 1001 6996
751 752 1
752 1001 6992
752 753 1
753 1001 6988
753 754 1
754 1001 6984
754 755 1
755 1001 6980
755 756 1
756 1001 6976
756 757 1
757 1001 6972
757 758 1
758 1001 6968
758 759 1
759 1001 6964
759 760 1
760 1001 6960
760 761 1
761 1001 6956
761 762 1
762 1001 6952
762 763 1
763 1001 6948
763 764 1
764 1001 6944
764 765 1
765 1001 6940
765 766 1
766 1001 6936
766 767 1
767 1001 6932
767 768 1
768 1001 6928
768 769 1
769 1001 6924
769 770 1
770 1001 6920
770 771 1
771 1001 6916
771 772 1
772 1001 6912
772 773 1
773 1001 6908
773 774 1
774 1001 6904
774 775 1
775 1001 6900
775 776 1
776 1001 6896
776 777 1
777 1001 6892
777 778 1
778 1001 6888
778 779 1
779 1001 6884
779 780 1
780 1001 6880
780 781 1
781 1001 6876
781 782 1
782 1001 6872
782 783 1
783 1001 6868
783 784 1
784 1001 6864
784 785 1
785 1001 6860
785 786 1
786 1001 6856
786 787 1
787 1001 6852
787 788 1
788 1001 6848
788 789 1
789 1001 6844
789 790 1
790 1001 6840
790 791 1
791 1001 6836
791 792 1
792 1001 6832
792 793 1
793 1001 6828
793 794 1
794 1001 6824
794 795 1
795 1001 6820
795 796 1
796 1001 6816
796 797 1
797 1001 6812
797 798 1
798 1001 6808
798 799 1
799 1001 6804
799 800 1
800 1001 6800
800 801 1
801 1001 6796
801 802 1
802 1001 6792
802 803 1
803 1001 6788
803 804 1
804 1001 6784
804 805 1
805 1001 6780
805 806 1
806 1001 6776
806 807 1
807 1001 6772
807 808 1
808 1001 6768
808 809 1
809 1001 6764
809 810 1
810 1001 6760
810 811 1
811 1001 6756
811 812 1
812 1001 6752
812 813 1
813 1001 6748
813 814 1
814 1001 6744
814 815 1
815 1001 6740
815 816 1
816 1001 6736
816 817 1
817 1001 6732
817 818 1
818 1001 6728
818 819 1
819 1001 6724
819 820 1
820 1001 6720
820 821 1
821 1001 6716
821 822 1
822 1001 6712
822 823 1
823 1001 6708
823 824 1
824 1001 6704
824 825 1
825 1001 6700
825 826 1
826 1001 6696
826 827 1
827 1001 6692
827 828 1
828 1001 6688
828 829 1
829 1001 6684
829 830 1
830 1001 6680
830 831 1
831 1001 6676
831 832 1
832 1001 6672
832 833 1
833 1001 6668
833 834 1
834 1001 6664
834 835 1
835 1001 6660
835 836 1
836 1001 6656
836 837 1
837 1001 6652
837 838 1
838 1001 6648
838 839 1
839 1001 6644
839 840 1
840 1001 6640
840 841 1
841 1001 6636
841 842 1
842 1001 6632
842 843 1
843 1001 6628
843 844 1
844 1001 6624
844 845 1
845 1001 6620
845 846 1
846 1001 6616
846 847 1
847 1001 6612
847 848 1
848 1001 6608
848 849 1
849 1001 6604
849 850 1
850 1001 6600
850 851 1
851 1001 6596
851 852 1
852 1001 6592
852 853 1
853 1001 6588
853 854 1
854 1001 6584
854 855 1
855 1001 6580
855 856 1
856 1001 6576
856 857 1
857 1001 6572
857 858 1
858 1001 6568
858 859 1
859 1001 6564
859 860 1
860 1001 6560
860 861 1
861 1001 6556
861 862 1
862 1001 6552
862 863 1
863 1001 6548
863 864 1
864 1001 6544
864 865 1
865 1001 6540
865 866 1
866 1001 6536
866 867 1
867 1001 6532
867 868 1
868 1001 6528
868 869 1
869 1001 6524
869 870 1
870 1001 6520
870 871 1
871 1001 6516
871 872 1
872 1001 6512
872 873 1
873 1001 6508
873 874 1
874 1001 6504
874 875 1
875 1001 6500
875 876 1
876 1001 6496
876 877 1
877 1001 6492
877 878 1
878 1001 6488
878 879 1
879 1001 6484
879 880 1
880 1001 6480
880 881 1
881 1001 6476
881 882 1
882 1001 6472
882 883 1
883 1001 6468
883 884 1
884 1001 6464
884 885 1
885 1001 6460
885 886 1
886 1001 6456
886 887 1
887 1001 6452
887 888 1
888 1001 6448
888 889 1
889 1001 6444
889 890 1
890 1001 6440
890 891 1
891 1001 6436
891 892 1
892 1001 6432
892 893 1
893 1001 6428
893 894 1
894 1001 6424
894 895 1
895 1001 6420
895 896 1
896 1001 6416
896 897 1
897 1001 6412
897 898 1
898 1001 6408
898 899 1
899 1001 6404
899 900 1
900 1001 6400
900 901 1
901 1001 6396
901 902 1
902 1001 6392
902 903 1
903 1001 6388
903 904 1
904 1001 6384
904 905 1
905 1001 6380
905 906 1
906 1001 6376
906 907 1
907 1001 6372
907 908 1
908 1001 6368
908 909 1
909 1001 6364
909 910 1
910 1001 6360
910 911 1
911 1001 6356
911 912 1
912 1001 6352
912 913 1
913 1001 6348
913 914 1
914 1001 6344
914 915 1
915 1001 6340
915 916 1
916 1001 6336
916 917 1
917 1001 6332
917 918 1
918 1001 6328
918 919 1
919 1001 6324
919 920 1
920 1001 6320
920 921 1
921 1001 6316
921 922 1
922 1001 6312
922 923 1
923 1001 6308
923 924 1
924 1001 6304
924 925 1
925 1001 6300
925 926 1
926 1001 6296
926 927 1
927 1001 6292
927 928 1
928 1001 6288
928 929 1
929 1001 6284
929 930 1
930 1001 6280
930 931 1
931 1001 6276
931 932 1
932 1001 6272
932 933 1
933 1001 6268
933 934 1
934 1001 6264
934 935 1
935 1001 6260
935 936 1
936 1001 6256
936 937 1
937 1001 6252
937 938 1
938 1001 6248
938 939 1
939 1001 6244
939 940 1
940 1001 6240
940 941 1
941 1001 6236
941 942 1
942 1001 6232
942 943 1
943 1001 6228
943 944 1
944 1001 6224
944 945 1
945 1001 6220
945 946 1
946 1001 6216
946 947 1
947 1001 6212
947 948 1
948 1001 6208
948 949 1
949 1001 6204
949 950 1
950 1001 6200
950 951 1
951 1001 6196
951 952 1
952 1001 6192
952 953 1
953 1001 6188
953 954 1
954 1001 6184
954 955 1
955 1001 6180
955 956 1
956 1001 6176
956 957 1
957 1001 6172
957 958 1
958 1001 6168
958 959 1
959 1001 6164
959 960 1
960 1001 6160
960 961 1
961 1001 6156
961 962 1
962 1001 6152
962 963 1
963 1001 6148
963 964 1
964 1001 6144
964 965 1
965 1001 6140
965 966 1
966 1001 6136
966 967 1
967 1001 6132
967 968 1
968 1001 6128
968 969 1
969 1001 6124
969 970 1
970 1001 6120
970 971 1
971 1001 6116
971 972 1
972 1001 6112
972 973 1
973 1001 6108
973 974 1
974 1001 6104
974 975 1
975 1001 6100
975 976 1
976 1001 6096
976 977 1
977 1001 6092
977 978 1
978 1001 6088
978 979 1
979 1001 6084
979 980 1
980 1001 6080
980 981 1
981 1001 6076
981 982 1
982 1001 6072
982 983 1
983 1001 6068
983 984 1
984 1001 6064
984 985 1
985 1001 6060
985 986 1
986 1001 6056
986 987 1
987 1001 6052
987 988 1
988 1001 6048
988 989 1
989 1001 6044
989 990 1
990 1001 6040
990 991 1
991 1001 6036
991 992 1
992 1001 6032
992 993 1
993 1001 6028
993 994 1
994 1001 6024
994 995 1
995 1001 6020
995 996 1
996 1001 6016
996 997 1
997 1001 6012
997 998 1
998 1001 6008
998 999 1
999 1001 6004
999 1000 1
1000 1001 8000
1001 1999 7996
1999 2000 2
1999 2000 2
1001 1998 7992
1998 1999 2
1998 1999 2
1001 1997 7988
1997 1998 2
1997 1998 2
1001 1996 7984
1996 1997 2
1996 1997 2
1001 1995 7980
1995 1996 2
1995 1996 2
1001 1994 7976
1994 1995 2
1994 1995 2
1001 1993 7972
1993 1994 2
1993 1994 2
1001 1992 7968
1992 1993 2
1992 1993 2
1001 1991 7964
1991 1992 2
1991 1992 2
1001 1990 7960
1990 1991 2
1990 1991 2
1001 1989 7956
1989 1990 2
1989 1990 2
1001 1988 7952
1988 1989 2
1988 1989 2
1001 1987 7948
1987 1988 2
1987 1988 2
1001 1986 7944
1986 1987 2
1986 1987 2
1001 1985 7940
1985 1986 2
1985 1986 2
1001 1984 7936
1984 1985 2
1984 1985 2
1001 1983 7932
1983 1984 2
1983 1984 2
1001 1982 7928
1982 1983 2
1982 1983 2
1001 1981 7924
1981 1982 2
1981 1982 2
1001 1980 7920
1980 1981 2
1980 1981 2
1001 1979 7916
1979 1980 2
1979 1980 2
1001 1978 7912
1978 1979 2
1978 1979 2
1001 1977 7908
1977 1978 2
1977 1978 2
1001 1976 7904
1976 1977 2
1976 1977 2
1001 1975 7900
1975 1976 2
1975 1976 2
1001 1974 7896
1974 1975 2
1974 1975 2
1001 1973 7892
1973 1974 2
1973 1974 2
1001 1972 7888
1972 1973 2
1972 1973 2
1001 1971 7884
1971 1972 2
1971 1972 2
1001 1970 7880
1970 1971 2
1970 1971 2
1001 1969 7876
1969 1970 2
1969 1970 2
1001 1968 7872
1968 1969 2
1968 1969 2
1001 1967 7868
1967 1968 2
1967 1968 2
1001 1966 7864
1966 1967 2
1966 1967 2
1001 1965 7860
1965 1966 2
1965 1966 2
1001 1964 7856
1964 1965 2
1964 1965 2
1001 1963 7852
1963 1964 2
1963 1964 2
1001 1962 7848
1962 1963 2
1962 1963 2
1001 1961 7844
1961 1962 2
1961 1962 2
1001 1960 7840
1960 1961 2
1960 1961 2
1001 1959 7836
1959 1960 2
1959 1960 2
1001 1958 7832
1958 1959 2
1958 1959 2
1001 1957 7828
1957 1958 2
1957 1958 2
1001 1956 7824
1956 1957 2
1956 1957 2
1001 1955 7820
1955 1956 2
1955 1956 2
1001 1954 7816
1954 1955 2
1954 1955 2
1001 1953 7812
1953 1954 2
1953 1954 2
1001 1952 7808
1952 1953 2
1952 1953 2
1001 1951 7804
1951 1952 2
1951 1952 2
1001 1950 7800
1950 1951 2
1950 1951 2
1001 1949 7796
1949 1950 2
1949 1950 2
1001 1948 7792
1948 1949 2
1948 1949 2
1001 1947 7788
1947 1948 2
1947 1948 2
1001 1946 7784
1946 1947 2
1946 1947 2
1001 1945 7780
1945 1946 2
1945 1946 2
1001 1944 7776
1944 1945 2
1944 1945 2
1001 1943 7772
1943 1944 2
1943 1944 2
1001 1942 7768
1942 1943 2
1942 1943 2
1001 1941 7764
1941 1942 2
1941 1942 2
1001 1940 7760
1940 1941 2
1940 1941 2
1001 1939 7756
1939 1940 2
1939 1940 2
1001 1938 7752
1938 1939 2
1938 1939 2
1001 1937 7748
1937 1938 2
1937 1938 2
1001 1936 7744
1936 1937 2
1936 1937 2
1001 1935 7740
1935 1936 2
1935 1936 2
1001 1934 7736
1934 1935 2
1934 1935 2
1001 1933 7732
1933 1934 2
1933 1934 2
1001 1932 7728
1932 1933 2
1932 1933 2
1001 1931 7724
1931 1932 2
1931 1932 2
1001 1930 7720
1930 1931 2
1930 1931 2
1001 1929 7716
1929 1930 2
1929 1930 2
1001 1928 7712
1928 1929 2
1928 1929 2
1001 1927 7708
1927 1928 2
1927 1928 2
1001 1926 7704
1926 1927 2
1926 1927 2
1001 1925 7700
1925 1926 2
1925 1926 2
1001 1924 7696
1924 1925 2
1924 1925 2
1001 1923 7692
1923 1924 2
1923 1924 2
1001 1922 7688
1922 1923 2
1922 1923 2
1001 1921 7684
1921 1922 2
1921 1922 2
1001 1920 7680
1920 1921 2
1920 1921 2
1001 1919 7676
1919 1920 2
1919 1920 2
1001 1918 7672
1918 1919 2
1918 1919 2
1001 1917 7668
1917 1918 2
1917 1918 2
1001 1916 7664
1916 1917 2
1916 1917 2
1001 1915 7660
1915 1916 2
1915 1916 2
1001 1914 7656
1914 1915 2
1914 1915 2
1001 1913 7652
1913 1914 2
1913 1914 2
1001 1912 7648
1912 1913 2
1912 1913 2
1001 1911 7644
1911 1912 2
1911 1912 2
1001 1910 7640
1910 1911 2
1910 1911 2
1001 1909 7636
1909 1910 2
1909 1910 2
1001 1908 7632
1908 1909 2
1908 1909 2
1001 1907 7628
1907 1908 2
1907 1908 2
1001 1906 7624
1906 1907 2
1906 1907 2
1001 1905 7620
1905 1906 2
1905 1906 2
1001 1904 7616
1904 1905 2
1904 1905 2
1001 1903 7612
1903 1904 2
1903 1904 2
1001 1902 7608
1902 1903 2
1902 1903 2
1001 1901 7604
1901 1902 2
1901 1902 2
1001 1900 7600
1900 1901 2
1900 1901 2
1001 1899 7596
1899 1900 2
1899 1900 2
1001 1898 7592
1898 1899 2
1898 1899 2
1001 1897 7588
1897 1898 2
1897 1898 2
1001 1896 7584
1896 1897 2
1896 1897 2
1001 1895 7580
1895 1896 2
1895 1896 2
1001 1894 7576
1894 1895 2
1894 1895 2
1001 1893 7572
1893 1894 2
1893 1894 2
1001 1892 7568
1892 1893 2
1892 1893 2
1001 1891 7564
1891 1892 2
1891 1892 2
1001 1890 7560
1890 1891 2
1890 1891 2
1001 1889 7556
1889 1890 2
1889 1890 2
1001 1888 7552
1888 1889 2
1888 1889 2
1001 1887 7548
1887 1888 2
1887 1888 2
1001 1886 7544
1886 1887 2
1886 1887 2
1001 1885 7540
1885 1886 2
1885 1886 2
1001 1884 7536
1884 1885 2
1884 1885 2
1001 1883 7532
1883 1884 2
1883 1884 2
1001 1882 7528
1882 1883 2
1882 1883 2
1001 1881 7524
1881 1882 2
1881 1882 2
1001 1880 7520
1880 1881 2
1880 1881 2
1001 1879 7516
1879 1880 2
1879 1880 2
1001 1878 7512
1878 1879 2
1878 1879 2
1001 1877 7508
1877 1878 2
1877 1878 2
1001 1876 7504
1876 1877 2
1876 1877 2
1001 1875 7500
1875 1876 2
1875 1876 2
1001 1874 7496
1874 1875 2
1874 1875 2
1001 1873 7492
1873 1874 2
1873 1874 2
1001 1872 7488
1872 1873 2
1872 1873 2
1001 1871 7484
1871 1872 2
1871 1872 2
1001 1870 7480
1870 1871 2
1870 1871 2
1001 1869 7476
1869 1870 2
1869 1870 2
1001 1868 7472
1868 1869 2
1868 1869 2
1001 1867 7468
1867 1868 2
1867 1868 2
1001 1866 7464
1866 1867 2
1866 1867 2
1001 1865 7460
1865 1866 2
1865 1866 2
1001 1864 7456
1864 1865 2
1864 1865 2
1001 1863 7452
1863 1864 2
1863 1864 2
1001 1862 7448
1862 1863 2
1862 1863 2
1001 1861 7444
1861 1862 2
1861 1862 2
1001 1860 7440
1860 1861 2
1860 1861 2
1001 1859 7436
1859 1860 2
1859 1860 2
1001 1858 7432
1858 1859 2
1858 1859 2
1001 1857 7428
1857 1858 2
1857 1858 2
1001 1856 7424
1856 1857 2
1856 1857 2
1001 1855 7420
1855 1856 2
1855 1856 2
1001 1854 7416
1854 1855 2
1854 1855 2
1001 1853 7412
1853 1854 2
1853 1854 2
1001 1852 7408
1852 1853 2
1852 1853 2
1001 1851 7404
1851 1852 2
1851 1852 2
1001 1850 7400
1850 1851 2
1850 1851 2
1001 1849 7396
1849 1850 2
1849 1850 2
1001 1848 7392
1848 1849 2
1848 1849 2
1001 1847 7388
1847 1848 2
1847 1848 2
1001 1846 7384
1846 1847 2
1846 1847 2
1001 1845 7380
1845 1846 2
1845 1846 2
1001 1844 7376
1844 1845 2
1844 1845 2
1001 1843 7372
1843 1844 2
1843 1844 2
1001 1842 7368
1842 1843 2
1842 1843 2
1001 1841 7364
1841 1842 2
1841 1842 2
1001 1840 7360
1840 1841 2
1840 1841 2
1001 1839 7356
1839 1840 2
1839 1840 2
1001 1838 7352
1838 1839 2
1838 1839 2
1001 1837 7348
1837 1838 2
1837 1838 2
1001 1836 7344
1836 1837 2
1836 1837 2
1001 1835 7340
1835 1836 2
1835 1836 2
1001 1834 7336
1834 1835 2
1834 1835 2
1001 1833 7332
1833 1834 2
1833 1834 2
1001 1832 7328
1832 1833 2
1832 1833 2
1001 1831 7324
1831 1832 2
1831 1832 2
1001 1830 7320
1830 1831 2
1830 1831 2
1001 1829 7316
1829 1830 2
1829 1830 2
1001 1828 7312
1828 1829 2
1828 1829 2
1001 1827 7308
1827 1828 2
1827 1828 2
1001 1826 7304
1826 1827 2
1826 1827 2
1001 1825 7300
1825 1826 2
1825 1826 2
1001 1824 7296
1824 1825 2
1824 1825 2
1001 1823 7292
1823 1824 2
1823 1824 2
1001 1822 7288
1822 1823 2
1822 1823 2
1001 1821 7284
1821 1822 2
1821 1822 2
1001 1820 7280
1820 1821 2
1820 1821 2
1001 1819 7276
1819 1820 2
1819 1820 2
1001 1818 7272
1818 1819 2
1818 1819 2
1001 1817 7268
1817 1818 2
1817 1818 2
1001 1816 7264
1816 1817 2
1816 1817 2
1001 1815 7260
1815 1816 2
1815 1816 2
1001 1814 7256
1814 1815 2
1814 1815 2
1001 1813 7252
1813 1814 2
1813 1814 2
1001 1812 7248
1812 1813 2
1812 1813 2
1001 1811 7244
1811 1812 2
1811 1812 2
1001 1810 7240
1810 1811 2
1810 1811 2
1001 1809 7236
1809 1810 2
1809 1810 2
1001 1808 7232
1808 1809 2
1808 1809 2
1001 1807 7228
1807 1808 2
1807 1808 2
1001 1806 7224
1806 1807 2
1806 1807 2
1001 1805 7220
1805 1806 2
1805 1806 2
1001 1804 7216
1804 1805 2
1804 1805 2
1001 1803 7212
1803 1804 2
1803 1804 2
1001 1802 7208
1802 1803 2
1802 1803 2
1001 1801 7204
1801 1802 2
1801 1802 2
1001 1800 7200
1800 1801 2
1800 1801 2
1001 1799 7196
1799 1800 2
1799 1800 2
1001 1798 7192
1798 1799 2
1798 1799 2
1001 1797 7188
1797 1798 2
1797 1798 2
1001 1796 7184
1796 1797 2
1796 1797 2
1001 1795 7180
1795 1796 2
1795 1796 2
1001 1794 7176
1794 1795 2
1794 1795 2
1001 1793 7172
1793 1794 2
1793 1794 2
1001 1792 7168
1792 1793 2
1792 1793 2
1001 1791 7164
1791 1792 2
1791 1792 2
1001 1790 7160
1790 1791 2
1790 1791 2
1001 1789 7156
1789 1790 2
1789 1790 2
1001 1788 7152
1788 1789 2
1788 1789 2
1001 1787 7148
1787 1788 2
1787 1788 2
1001 1786 7144
1786 1787 2
1786 1787 2
1001 1785 7140
1785 1786 2
1785 1786 2
1001 1784 7136
1784 1785 2
1784 1785 2
1001 1783 7132
1783 1784 2
1783 1784 2
1001 1782 7128
1782 1783 2
1782 1783 2
1001 1781 7124
1781 1782 2
1781 1782 2
1001 1780 7120
1780 1781 2
1780 1781 2
1001 1779 7116
1779 1780 2
1779 1780 2
1001 1778 7112
1778 1779 2
1778 1779 2
1001 1777 7108
1777 1778 2
1777 1778 2
1001 1776 7104
1776 1777 2
1776 1777 2
1001 1775 7100
1775 1776 2
1775 1776 2
1001 1774 7096
1774 1775 2
1774 1775 2
1001 1773 7092
1773 1774 2
1773 1774 2
1001 1772 7088
1772 1773 2
1772 1773 2
1001 1771 7084
1771 1772 2
1771 1772 2
1001 1770 7080
1770 1771 2
1770 1771 2
1001 1769 7076
1769 1770 2
1769 1770 2
1001 1768 7072
1768 1769 2
1768 1769 2
1001 1767 7068
1767 1768 2
1767 1768 2
1001 1766 7064
1766 1767 2
1766 1767 2
1001 1765 7060
1765 1766 2
1765 1766 2
1001 1764 7056
1764 1765 2
1764 1765 2
1001 1763 7052
1763 1764 2
1763 1764 2
1001 1762 7048
1762 1763 2
1762 1763 2
1001 1761 7044
1761 1762 2
1761 1762 2
1001 1760 7040
1760 1761 2
1760 1761 2
1001 1759 7036
1759 1760 2
1759 1760 2
1001 1758 7032
1758 1759 2
1758 1759 2
1001 1757 7028
1757 1758 2
1757 1758 2
1001 1756 7024
1756 1757 2
1756 1757 2
1001 1755 7020
1755 1756 2
1755 1756 2
1001 1754 7016
1754 1755 2
1754 1755 2
1001 1753 7012
1753 1754 2
1753 1754 2
1001 1752 7008
1752 1753 2
1752 1753 2
1001 1751 7004
1751 1752 2
1751 1752 2
1001 1750 7000
1750 1751 2
1750 1751 2
1001 1749 6996
1749 1750 2
1749 1750 2
1001 1748 6992
1748 1749 2
1748 1749 2
1001 1747 6988
1747 1748 2
1747 1748 2
1001 1746 6984
1746 1747 2
1746 1747 2
1001 1745 6980
1745 1746 2
1745 1746 2
1001 1744 6976
1744 1745 2
1744 1745 2
1001 1743 6972
1743 1744 2
1743 1744 2
1001 1742 6968
1742 1743 2
1742 1743 2
1001 1741 6964
1741 1742 2
1741 1742 2
1001 1740 6960
1740 1741 2
1740 1741 2
1001 1739 6956
1739 1740 2
1739 1740 2
1001 1738 6952
1738 1739 2
1738 1739 2
1001 1737 6948
1737 1738 2
1737 1738 2
1001 1736 6944
1736 1737 2
1736 1737 2
1001 1735 6940
1735 1736 2
1735 1736 2
1001 1734 6936
1734 1735 2
1734 1735 2
1001 1733 6932
1733 1734 2
1733 1734 2
1001 1732 6928
1732 1733 2
1732 1733 2
1001 1731 6924
1731 1732 2
1731 1732 2
1001 1730 6920
1730 1731 2
1730 1731 2
1001 1729 6916
1729 1730 2
1729 1730 2
1001 1728 6912
1728 1729 2
1728 1729 2
1001 1727 6908
1727 1728 2
1727 1728 2
1001 1726 6904
1726 1727 2
1726 1727 2
1001 1725 6900
1725 1726 2
1725 1726 2
1001 1724 6896
1724 1725 2
1724 1725 2
1001 1723 6892
1723 1724 2
1723 1724 2
1001 1722 6888
1722 1723 2
1722 1723 2
1001 1721 6884
1721 1722 2
1721 1722 2
1001 1720 6880
1720 1721 2
1720 1721 2
1001 1719 6876
1719 1720 2
1719 1720 2
1001 1718 6872
1718 1719 2
1718 1719 2
1001 1717 6868
1717 1718 2
1717 1718 2
1001 1716 6864
1716 1717 2
1716 1717 2
1001 1715 6860
1715 1716 2
1715 1716 2
1001 1714 6856
1714 1715 2
1714 1715 2
1001 1713 6852
1713 1714 2
1713 1714 2
1001 1712 6848
1712 1713 2
1712 1713 2
1001 1711 6844
1711 1712 2
1711 1712 2
1001 1710 6840
1710 1711 2
1710 1711 2
1001 1709 6836
1709 1710 2
1709 1710 2
1001 1708 6832
1708 1709 2
1708 1709 2
1001 1707 6828
1707 1708 2
1707 1708 2
1001 1706 6824
1706 1707 2
1706 1707 2
1001 1705 6820
1705 1706 2
1705 1706 2
1001 1704 6816
1704 1705 2
1704 1705 2
1001 1703 6812
1703 1704 2
1703 1704 2
1001 1702 6808
1702 1703 2
1702 1703 2
1001 1701 6804
1701 1702 2
1701 1702 2
1001 1700 6800
1700 1701 2
1700 1701 2
1001 1699 6796
1699 1700 2
1699 1700 2
1001 1698 6792
1698 1699 2
1698 1699 2
1001 1697 6788
1697 1698 2
1697 1698 2
1001 1696 6784
1696 1697 2
1696 1697 2
1001 1695 6780
1695 1696 2
1695 1696 2
1001 1694 6776
1694 1695 2
1694 1695 2
1001 1693 6772
1693 1694 2
1693 1694 2
1001 1692 6768
1692 1693 2
1692 1693 2
1001 1691 6764
1691 1692 2
1691 1692 2
1001 1690 6760
1690 1691 2
1690 1691 2
1001 1689 6756
1689 1690 2
1689 1690 2
1001 1688 6752
1688 1689 2
1688 1689 2
1001 1687 6748
1687 1688 2
1687 1688 2
1001 1686 6744
1686 1687 2
1686 1687 2
1001 1685 6740
1685 1686 2
1685 1686 2
1001 1684 6736
1684 1685 2
1684 1685 2
1001 1683 6732
1683 1684 2
1683 1684 2
1001 1682 6728
1682 1683 2
1682 1683 2
1001 1681 6724
1681 1682 2
1681 1682 2
1001 1680 6720
1680 1681 2
1680 1681 2
1001 1679 6716
1679 1680 2
1679 1680 2
1001 1678 6712
1678 1679 2
1678 1679 2
1001 1677 6708
1677 1678 2
1677 1678 2
1001 1676 6704
1676 1677 2
1676 1677 2
1001 1675 6700
1675 1676 2
1675 1676 2
1001 1674 6696
1674 1675 2
1674 1675 2
1001 1673 6692
1673 1674 2
1673 1674 2
1001 1672 6688
1672 1673 2
1672 1673 2
1001 1671 6684
1671 1672 2
1671 1672 2
1001 1670 6680
1670 1671 2
1670 1671 2
1001 1669 6676
1669 1670 2
1669 1670 2
1001 1668 6672
1668 1669 2
1668 1669 2
1001 1667 6668
1667 1668 2
1667 1668 2
1001 1666 6664
1666 1667 2
1666 1667 2
1001 1665 6660
1665 1666 2
1665 1666 2
1001 1664 6656
1664 1665 2
1664 1665 2
1001 1663 6652
1663 1664 2
1663 1664 2
1001 1662 6648
1662 1663 2
1662 1663 2
1001 1661 6644
1661 1662 2
1661 1662 2
1001 1660 6640
1660 1661 2
1660 1661 2
1001 1659 6636
1659 1660 2
1659 1660 2
1001 1658 6632
1658 1659 2
1658 1659 2
1001 1657 6628
1657 1658 2
1657 1658 2
1001 1656 6624
1656 1657 2
1656 1657 2
1001 1655 6620
1655 1656 2
1655 1656 2
1001 1654 6616
1654 1655 2
1654 1655 2
1001 1653 6612
1653 1654 2
1653 1654 2
1001 1652 6608
1652 1653 2
1652 1653 2
1001 1651 6604
1651 1652 2
1651 1652 2
1001 1650 6600
1650 1651 2
1650 1651 2
1001 1649 6596
1649 1650 2
1649 1650 2
1001 1648 6592
1648 1649 2
1648 1649 2
1001 1647 6588
1647 1648 2
1647 1648 2
1001 1646 6584
1646 1647 2
1646 1647 2
1001 1645 6580
1645 1646 2
1645 1646 2
1001 1644 6576
1644 1645 2
1644 1645 2
1001 1643 6572
1643 1644 2
1643 1644 2
1001 1642 6568
1642 1643 2
1642 1643 2
1001 1641 6564
1641 1642 2
1641 1642 2
1001 1640 6560
1640 1641 2
1640 1641 2
1001 1639 6556
1639 1640 2
1639 1640 2
1001 1638 6552
1638 1639 2
1638 1639 2
1001 1637 6548
1637 1638 2
1637 1638 2
1001 1636 6544
1636 1637 2
1636 1637 2
1001 1635 6540
1635 1636 2
1635 1636 2
1001 1634 6536
1634 1635 2
1634 1635 2
1001 1633 6532
1633 1634 2
1633 1634 2
1001 1632 6528
1632 1633 2
1632 1633 2
1001 1631 6524
1631 1632 2
1631 1632 2
1001 1630 6520
1630 1631 2
1630 1631 2
1001 1629 6516
1629 1630 2
1629 1630 2
1001 1628 6512
1628 1629 2
1628 1629 2
1001 1627 6508
1627 1628 2
1627 1628 2
1001 1626 6504
1626 1627 2
1626 1627 2
1001 1625 6500
1625 1626 2
1625 1626 2
1001 1624 6496
1624 1625 2
1624 1625 2
1001 1623 6492
1623 1624 2
1623 1624 2
1001 1622 6488
1622 1623 2
1622 1623 2
1001 1621 6484
1621 1622 2
1621 1622 2
1001 1620 6480
1620 1621 2
1620 1621 2
1001 1619 6476
1619 1620 2
1619 1620 2
1001 1618 6472
1618 1619 2
1618 1619 2
1001 1617 6468
1617 1618 2
1617 1618 2
1001 1616 6464
1616 1617 2
1616 1617 2
1001 1615 6460
1615 1616 2
1615 1616 2
1001 1614 6456
1614 1615 2
1614 1615 2
1001 1613 6452
1613 1614 2
1613 1614 2
1001 1612 6448
1612 1613 2
1612 1613 2
1001 1611 6444
1611 1612 2
1611 1612 2
1001 1610 6440
1610 1611 2
1610 1611 2
1001 1609 6436
1609 1610 2
1609 1610 2
1001 1608 6432
1608 1609 2
1608 1609 2
1001 1607 6428
1607 1608 2
1607 1608 2
1001 1606 6424
1606 1607 2
1606 1607 2
1001 1605 6420
1605 1606 2
1605 1606 2
1001 1604 6416
1604 1605 2
1604 1605 2
1001 1603 6412
1603 1604 2
1603 1604 2
1001 1602 6408
1602 1603 2
1602 1603 2
1001 1601 6404
1601 1602 2
1601 1602 2
1001 1600 6400
1600 1601 2
1600 1601 2
1001 1599 6396
1599 1600 2
1599 1600 2
1001 1598 6392
1598 1599 2
1598 1599 2
1001 1597 6388
1597 1598 2
1597 1598 2
1001 1596 6384
1596 1597 2
1596 1597 2
1001 1595 6380
1595 1596 2
1595 1596 2
1001 1594 6376
1594 1595 2
1594 1595 2
1001 1593 6372
1593 1594 2
1593 1594 2
1001 1592 6368
1592 1593 2
1592 1593 2
1001 1591 6364
1591 1592 2
1591 1592 2
1001 1590 6360
1590 1591 2
1590 1591 2
1001 1589 6356
1589 1590 2
1589 1590 2
1001 1588 6352
1588 1589 2
1588 1589 2
1001 1587 6348
1587 1588 2
1587 1588 2
1001 1586 6344
1586 1587 2
1586 1587 2
1001 1585 6340
1585 1586 2
1585 1586 2
1001 1584 6336
1584 1585 2
1584 1585 2
1001 1583 6332
1583 1584 2
1583 1584 2
1001 1582 6328
1582 1583 2
1582 1583 2
1001 1581 6324
1581 1582 2
1581 1582 2
1001 1580 6320
1580 1581 2
1580 1581 2
1001 1579 6316
1579 1580 2
1579 1580 2
1001 1578 6312
1578 1579 2
1578 1579 2
1001 1577 6308
1577 1578 2
1577 1578 2
1001 1576 6304
1576 1577 2
1576 1577 2
1001 1575 6300
1575 1576 2
1575 1576 2
1001 1574 6296
1574 1575 2
1574 1575 2
1001 1573 6292
1573 1574 2
1573 1574 2
1001 1572 6288
1572 1573 2
1572 1573 2
1001 1571 6284
1571 1572 2
1571 1572 2
1001 1570 6280
1570 1571 2
1570 1571 2
1001 1569 6276
1569 1570 2
1569 1570 2
1001 1568 6272
1568 1569 2
1568 1569 2
1001 1567 6268
1567 1568 2
1567 1568 2
1001 1566 6264
1566 1567 2
1566 1567 2
1001 1565 6260
1565 1566 2
1565 1566 2
1001 1564 6256
1564 1565 2
1564 1565 2
1001 1563 6252
1563 1564 2
1563 1564 2
1001 1562 6248
1562 1563 2
1562 1563 2
1001 1561 6244
1561 1562 2
1561 1562 2
1001 1560 6240
1560 1561 2
1560 1561 2
1001 1559 6236
1559 1560 2
1559 1560 2
1001 1558 6232
1558 1559 2
1558 1559 2
1001 1557 6228
1557 1558 2
1557 1558 2
1001 1556 6224
1556 1557 2
1556 1557 2
1001 1555 6220
1555 1556 2
1555 1556 2
1001 1554 6216
1554 1555 2
1554 1555 2
1001 1553 6212
1553 1554 2
1553 1554 2
1001 1552 6208
1552 1553 2
1552 1553 2
1001 1551 6204
1551 1552 2
1551 1552 2
1001 1550 6200
1550 1551 2
1550 1551 2
1001 1549 6196
1549 1550 2
1549 1550 2
1001 1548 6192
1548 1549 2
1548 1549 2
1001 1547 6188
1547 1548 2
1547 1548 2
1001 1546 6184
1546 1547 2
1546 1547 2
1001 1545 6180
1545 1546 2
1545 1546 2
1001 1544 6176
1544 1545 2
1544 1545 2
1001 1543 6172
1543 1544 2
1543 1544 2
1001 1542 6168
1542 1543 2
1542 1543 2
1001 1541 6164
1541 1542 2
1541 1542 2
1001 1540 6160
1540 1541 2
1540 1541 2
1001 1539 6156
1539 1540 2
1539 1540 2
1001 1538 6152
1538 1539 2
1538 1539 2
1001 1537 6148
1537 1538 2
1537 1538 2
1001 1536 6144
1536 1537 2
1536 1537 2
1001 1535 6140
1535 1536 2
1535 1536 2
1001 1534 6136
1534 1535 2
1534 1535 2
1001 1533 6132
1533 1534 2
1533 1534 2
1001 1532 6128
1532 1533 2
1532 1533 2
1001 1531 6124
1531 1532 2
1531 1532 2
1001 1530 6120
1530 1531 2
1530 1531 2
1001 1529 6116
1529 1530 2
1529 1530 2
1001 1528 6112
1528 1529 2
1528 1529 2
1001 1527 6108
1527 1528 2
1527 1528 2
1001 1526 6104
1526 1527 2
1526 1527 2
1001 1525 6100
1525 1526 2
1525 1526 2
1001 1524 6096
1524 1525 2
1524 1525 2
1001 1523 6092
1523 1524 2
1523 1524 2
1001 1522 6088
1522 1523 2
1522 1523 2
1001 1521 6084
1521 1522 2
1521 1522 2
1001 1520 6080
1520 1521 2
1520 1521 2
1001 1519 6076
1519 1520 2
1519 1520 2
1001 1518 6072
1518 1519 2
1518 1519 2
1001 1517 6068
1517 1518 2
1517 1518 2
1001 1516 6064
1516 1517 2
1516 1517 2
1001 1515 6060
1515 1516 2
1515 1516 2
1001 1514 6056
1514 1515 2
1514 1515 2
1001 1513 6052
1513 1514 2
1513 1514 2
1001 1512 6048
1512 1513 2
1512 1513 2
1001 1511 6044
1511 1512 2
1511 1512 2
1001 1510 6040
1510 1511 2
1510 1511 2
1001 1509 6036
1509 1510 2
1509 1510 2
1001 1508 6032
1508 1509 2
1508 1509 2
1001 1507 6028
1507 1508 2
1507 1508 2
1001 1506 6024
1506 1507 2
1506 1507 2
1001 1505 6020
1505 1506 2
1505 1506 2
1001 1504 6016
1504 1505 2
1504 1505 2
1001 1503 6012
1503 1504 2
1503 1504 2
1001 1502 6008
1502 1503 2
1502 1503 2
1001 1501 6004
1501 1502 2
1501 1502 2
1001 1500 6000
1500 1501 2
1500 1501 2
1001 1499 5996
1499 1500 2
1499 1500 2
1001 1498 5992
1498 1499 2
1498 1499 2
1001 1497 5988
1497 1498 2
1497 1498 2
1001 1496 5984
1496 1497 2
1496 1497 2
1001 1495 5980
1495 1496 2
1495 1496 2
1001 1494 5976
1494 1495 2
1494 1495 2
1001 1493 5972
1493 1494 2
1493 1494 2
1001 1492 5968
1492 1493 2
1492 1493 2
1001 1491 5964
1491 1492 2
1491 1492 2
1001 1490 5960
1490 1491 2
1490 1491 2
1001 1489 5956
1489 1490 2
1489 1490 2
1001 1488 5952
1488 1489 2
1488 1489 2
1001 1487 5948
1487 1488 2
1487 1488 2
1001 1486 5944
1486 1487 2
1486 1487 2
1001 1485 5940
1485 1486 2
1485 1486 2
1001 1484 5936
1484 1485 2
1484 1485 2
1001 1483 5932
1483 1484 2
1483 1484 2
1001 1482 5928
1482 1483 2
1482 1483 2
1001 1481 5924
1481 1482 2
1481 1482 2
1001 1480 5920
1480 1481 2
1480 1481 2
1001 1479 5916
1479 1480 2
1479 1480 2
1001 1478 5912
1478 1479 2
1478 1479 2
1001 1477 5908
1477 1478 2
1477 1478 2
1001 1476 5904
1476 1477 2
1476 1477 2
1001 1475 5900
1475 1476 2
1475 1476 2
1001 1474 5896
1474 1475 2
1474 1475 2
1001 1473 5892
1473 1474 2
1473 1474 2
1001 1472 5888
1472 1473 2
1472 1473 2
1001 1471 5884
1471 1472 2
1471 1472 2
1001 1470 5880
1470 1471 2
1470 1471 2
1001 1469 5876
1469 1470 2
1469 1470 2
1001 1468 5872
1468 1469 2
1468 1469 2
1001 1467 5868
1467 1468 2
1467 1468 2
1001 1466 5864
1466 1467 2
1466 1467 2
1001 1465 5860
1465 1466 2
1465 1466 2
1001 1464 5856
1464 1465 2
1464 1465 2
1001 1463 5852
1463 1464 2
1463 1464 2
1001 1462 5848
1462 1463 2
1462 1463 2
1001 1461 5844
1461 1462 2
1461 1462 2
1001 1460 5840
1460 1461 2
1460 1461 2
1001 1459 5836
1459 1460 2
1459 1460 2
1001 1458 5832
1458 1459 2
1458 1459 2
1001 1457 5828
1457 1458 2
1457 1458 2
1001 1456 5824
1456 1457 2
1456 1457 2
1001 1455 5820
1455 1456 2
1455 1456 2
1001 1454 5816
1454 1455 2
1454 1455 2
1001 1453 5812
1453 1454 2
1453 1454 2
1001 1452 5808
1452 1453 2
1452 1453 2
1001 1451 5804
1451 1452 2
1451 1452 2
1001 1450 5800
1450 1451 2
1450 1451 2
1001 1449 5796
1449 1450 2
1449 1450 2
1001 1448 5792
1448 1449 2
1448 1449 2
1001 1447 5788
1447 1448 2
1447 1448 2
1001 1446 5784
1446 1447 2
1446 1447 2
1001 1445 5780
1445 1446 2
1445 1446 2
1001 1444 5776
1444 1445 2
1444 1445 2
1001 1443 5772
1443 1444 2
1443 1444 2
1001 1442 5768
1442 1443 2
1442 1443 2
1001 1441 5764
1441 1442 2
1441 1442 2
1001 1440 5760
1440 1441 2
1440 1441 2
1001 1439 5756
1439 1440 2
1439 1440 2
1001 1438 5752
1438 1439 2
1438 1439 2
1001 1437 5748
1437 1438 2
1437 1438 2
1001 1436 5744
1436 1437 2
1436 1437 2
1001 1435 5740
1435 1436 2
1435 1436 2
1001 1434 5736
1434 1435 2
1434 1435 2
1001 1433 5732
1433 1434 2
1433 1434 2
1001 1432 5728
1432 1433 2
1432 1433 2
1001 1431 5724
1431 1432 2
1431 1432 2
1001 1430 5720
1430 1431 2
1430 1431 2
1001 1429 5716
1429 1430 2
1429 1430 2
1001 1428 5712
1428 1429 2
1428 1429 2
1001 1427 5708
1427 1428 2
1427 1428 2
1001 1426 5704
1426 1427 2
1426 1427 2
1001 1425 5700
1425 1426 2
1425 1426 2
1001 1424 5696
1424 1425 2
1424 1425 2
1001 1423 5692
1423 1424 2
1423 1424 2
1001 1422 5688
1422 1423 2
1422 1423 2
1001 1421 5684
1421 1422 2
1421 1422 2
1001 1420 5680
1420 1421 2
1420 1421 2
1001 1419 5676
1419 1420 2
1419 1420 2
1001 1418 5672
1418 1419 2
1418 1419 2
1001 1417 5668
1417 1418 2
1417 1418 2
1001 1416 5664
1416 1417 2
1416 1417 2
1001 1415 5660
1415 1416 2
1415 1416 2
1001 1414 5656
1414 1415 2
1414 1415 2
1001 1413 5652
1413 1414 2
1413 1414 2
1001 1412 5648
1412 1413 2
1412 1413 2
1001 1411 5644
1411 1412 2
1411 1412 2
1001 1410 5640
1410 1411 2
1410 1411 2
1001 1409 5636
1409 1410 2
1409 1410 2
1001 1408 5632
1408 1409 2
1408 1409 2
1001 1407 5628
1407 1408 2
1407 1408 2
1001 1406 5624
1406 1407 2
1406 1407 2
1001 1405 5620
1405 1406 2
1405 1406 2
1001 1404 5616
1404 1405 2
1404 1405 2
1001 1403 5612
1403 1404 2
1403 1404 2
1001 1402 5608
1402 1403 2
1402 1403 2
1001 1401 5604
1401 1402 2
1401 1402 2
1001 1400 5600
1400 1401 2
1400 1401 2
1001 1399 5596
1399 1400 2
1399 1400 2
1001 1398 5592
1398 1399 2
1398 1399 2
1001 1397 5588
1397 1398 2
1397 1398 2
1001 1396 5584
1396 1397 2
1396 1397 2
1001 1395 5580
1395 1396 2
1395 1396 2
1001 1394 5576
1394 1395 2
1394 1395 2
1001 1393 5572
1393 1394 2
1393 1394 2
1001 1392 5568
1392 1393 2
1392 1393 2
1001 1391 5564
1391 1392 2
1391 1392 2
1001 1390 5560
1390 1391 2
1390 1391 2
1001 1389 5556
1389 1390 2
1389 1390 2
1001 1388 5552
1388 1389 2
1388 1389 2
1001 1387 5548
1387 1388 2
1387 1388 2
1001 1386 5544
1386 1387 2
1386 1387 2
1001 1385 5540
1385 1386 2
1385 1386 2
1001 1384 5536
1384 1385 2
1384 1385 2
1001 1383 5532
1383 1384 2
1383 1384 2
1001 1382 5528
1382 1383 2
1382 1383 2
1001 1381 5524
1381 1382 2
1381 1382 2
1001 1380 5520
1380 1381 2
1380 1381 2
1001 1379 5516
1379 1380 2
1379 1380 2
1001 1378 5512
1378 1379 2
1378 1379 2
1001 1377 5508
1377 1378 2
1377 1378 2
1001 1376 5504
1376 1377 2
1376 1377 2
1001 1375 5500
1375 1376 2
1375 1376 2
1001 1374 5496
1374 1375 2
1374 1375 2
1001 1373 5492
1373 1374 2
1373 1374 2
1001 1372 5488
1372 1373 2
1372 1373 2
1001 1371 5484
1371 1372 2
1371 1372 2
1001 1370 5480
1370 1371 2
1370 1371 2
1001 1369 5476
1369 1370 2
1369 1370 2
1001 1368 5472
1368 1369 2
1368 1369 2
1001 1367 5468
1367 1368 2
1367 1368 2
1001 1366 5464
1366 1367 2
1366 1367 2
1001 1365 5460
1365 1366 2
1365 1366 2
1001 1364 5456
1364 1365 2
1364 1365 2
1001 1363 5452
1363 1364 2
1363 1364 2
1001 1362 5448
1362 1363 2
1362 1363 2
1001 1361 5444
1361 1362 2
1361 1362 2
1001 1360 5440
1360 1361 2
1360 1361 2
1001 1359 5436
1359 1360 2
1359 1360 2
1001 1358 5432
1358 1359 2
1358 1359 2
1001 1357 5428
1357 1358 2
1357 1358 2
1001 1356 5424
1356 1357 2
1356 1357 2
1001 1355 5420
1355 1356 2
1355 1356 2
1001 1354 5416
1354 1355 2
1354 1355 2
1001 1353 5412
1353 1354 2
1353 1354 2
1001 1352 5408
1352 1353 2
1352 1353 2
1001 1351 5404
1351 1352 2
1351 1352 2
1001 1350 5400
1350 1351 2
1350 1351 2
1001 1349 5396
1349 1350 2
1349 1350 2
1001 1348 5392
1348 1349 2
1348 1349 2
1001 1347 5388
1347 1348 2
1347 1348 2
1001 1346 5384
1346 1347 2
1346 1347 2
1001 1345 5380
1345 1346 2
1345 1346 2
1001 1344 5376
1344 1345 2
1344 1345 2
1001 1343 5372
1343 1344 2
1343 1344 2
1001 1342 5368
1342 1343 2
1342 1343 2
1001 1341 5364
1341 1342 2
1341 1342 2
1001 1340 5360
1340 1341 2
1340 1341 2
1001 1339 5356
1339 1340 2
1339 1340 2
1001 1338 5352
1338 1339 2
1338 1339 2
1001 1337 5348
1337 1338 2
1337 1338 2
1001 1336 5344
1336 1337 2
1336 1337 2
1001 1335 5340
1335 1336 2
1335 1336 2
1001 1334 5336
1334 1335 2
1334 1335 2
1001 1333 5332
1333 1334 2
1333 1334 2
1001 1332 5328
1332 1333 2
1332 1333 2
1001 1331 5324
1331 1332 2
1331 1332 2
1001 1330 5320
1330 1331 2
1330 1331 2
1001 1329 5316
1329 1330 2
1329 1330 2
1001 1328 5312
1328 1329 2
1328 1329 2
1001 1327 5308
1327 1328 2
1327 1328 2
1001 1326 5304
1326 1327 2
1326 1327 2
1001 1325 5300
1325 1326 2
1325 1326 2
1001 1324 5296
1324 1325 2
1324 1325 2
1001 1323 5292
1323 1324 2
1323 1324 2
1001 1322 5288
1322 1323 2
1322 1323 2
1001 1321 5284
1321 1322 2
1321 1322 2
1001 1320 5280
1320 1321 2
1320 1321 2
1001 1319 5276
1319 1320 2
1319 1320 2
1001 1318 5272
1318 1319 2
1318 1319 2
1001 1317 5268
1317 1318 2
1317 1318 2
1001 1316 5264
1316 1317 2
1316 1317 2
1001 1315 5260
1315 1316 2
1315 1316 2
1001 1314 5256
1314 1315 2
1314 1315 2
1001 1313 5252
1313 1314 2
1313 1314 2
1001 1312 5248
1312 1313 2
1312 1313 2
1001 1311 5244
1311 1312 2
1311 1312 2
1001 1310 5240
1310 1311 2
1310 1311 2
1001 1309 5236
1309 1310 2
1309 1310 2
1001 1308 5232
1308 1309 2
1308 1309 2
1001 1307 5228
1307 1308 2
1307 1308 2
1001 1306 5224
1306 1307 2
1306 1307 2
1001 1305 5220
1305 1306 2
1305 1306 2
1001 1304 5216
1304 1305 2
1304 1305 2
1001 1303 5212
1303 1304 2
1303 1304 2
1001 1302 5208
1302 1303 2
1302 1303 2
1001 1301 5204
1301 1302 2
1301 1302 2
1001 1300 5200
1300 1301 2
1300 1301 2
1001 1299 5196
1299 1300 2
1299 1300 2
1001 1298 5192
1298 1299 2
1298 1299 2
1001 1297 5188
1297 1298 2
1297 1298 2
1001 1296 5184
1296 1297 2
1296 1297 2
1001 1295 5180
1295 1296 2
1295 1296 2
1001 1294 5176
1294 1295 2
1294 1295 2
1001 1293 5172
1293 1294 2
1293 1294 2
1001 1292 5168
1292 1293 2
1292 1293 2
1001 1291 5164
1291 1292 2
1291 1292 2
1001 1290 5160
1290 1291 2
1290 1291 2
1001 1289 5156
1289 1290 2
1289 1290 2
1001 1288 5152
1288 1289 2
1288 1289 2
1001 1287 5148
1287 1288 2
1287 1288 2
1001 1286 5144
1286 1287 2
1286 1287 2
1001 1285 5140
1285 1286 2
1285 1286 2
1001 1284 5136
1284 1285 2
1284 1285 2
1001 1283 5132
1283 1284 2
1283 1284 2
1001 1282 5128
1282 1283 2
1282 1283 2
1001 1281 5124
1281 1282 2
1281 1282 2
1001 1280 5120
1280 1281 2
1280 1281 2
1001 1279 5116
1279 1280 2
1279 1280 2
1001 1278 5112
1278 1279 2
1278 1279 2
1001 1277 5108
1277 1278 2
1277 1278 2
1001 1276 5104
1276 1277 2
1276 1277 2
1001 1275 5100
1275 1276 2
1275 1276 2
1001 1274 5096
1274 1275 2
1274 1275 2
1001 1273 5092
1273 1274 2
1273 1274 2
1001 1272 5088
1272 1273 2
1272 1273 2
1001 1271 5084
1271 1272 2
1271 1272 2
1001 1270 5080
1270 1271 2
1270 1271 2
1001 1269 5076
1269 1270 2
1269 1270 2
1001 1268 5072
1268 1269 2
1268 1269 2
1001 1267 5068
1267 1268 2
1267 1268 2
1001 1266 5064
1266 1267 2
1266 1267 2
1001 1265 5060
1265 1266 2
1265 1266 2
1001 1264 5056
1264 1265 2
1264 1265 2
1001 1263 5052
1263 1264 2
1263 1264 2
1001 1262 5048
1262 1263 2
1262 1263 2
1001 1261 5044
1261 1262 2
1261 1262 2
1001 1260 5040
1260 1261 2
1260 1261 2
1001 1259 5036
1259 1260 2
1259 1260 2
1001 1258 5032
1258 1259 2
1258 1259 2
1001 1257 5028
1257 1258 2
1257 1258 2
1001 1256 5024
1256 1257 2
1256 1257 2
1001 1255 5020
1255 1256 2
1255 1256 2
1001 1254 5016
1254 1255 2
1254 1255 2
1001 1253 5012
1253 1254 2
1253 1254 2
1001 1252 5008
1252 1253 2
1252 1253 2
1001 1251 5004
1251 1252 2
1251 1252 2
1001 1250 5000
1250 1251 2
1250 1251 2
1001 1249 4996
1249 1250 2
1249 1250 2
1001 1248 4992
1248 1249 2
1248 1249 2
1001 1247 4988
1247 1248 2
1247 1248 2
1001 1246 4984
1246 1247 2
1246 1247 2
1001 1245 4980
1245 1246 2
1245 1246 2
1001 1244 4976
1244 1245 2
1244 1245 2
1001 1243 4972
1243 1244 2
1243 1244 2
1001 1242 4968
1242 1243 2
1242 1243 2
1001 1241 4964
1241 1242 2
1241 1242 2
1001 1240 4960
1240 1241 2
1240 1241 2
1001 1239 4956
1239 1240 2
1239 1240 2
1001 1238 4952
1238 1239 2
1238 1239 2
1001 1237 4948
1237 1238 2
1237 1238 2
1001 1236 4944
1236 1237 2
1236 1237 2
1001 1235 4940
1235 1236 2
1235 1236 2
1001 1234 4936
1234 1235 2
1234 1235 2
1001 1233 4932
1233 1234 2
1233 1234 2
1001 1232 4928
1232 1233 2
1232 1233 2
1001 1231 4924
1231 1232 2
1231 1232 2
1001 1230 4920
1230 1231 2
1230 1231 2
1001 1229 4916
1229 1230 2
1229 1230 2
1001 1228 4912
1228 1229 2
1228 1229 2
1001 1227 4908
1227 1228 2
1227 1228 2
1001 1226 4904
1226 1227 2
1226 1227 2
1001 1225 4900
1225 1226 2
1225 1226 2
1001 1224 4896
1224 1225 2
1224 1225 2
1001 1223 4892
1223 1224 2
1223 1224 2
1001 1222 4888
1222 1223 2
1222 1223 2
1001 1221 4884
1221 1222 2
1221 1222 2
1001 1220 4880
1220 1221 2
1220 1221 2
1001 1219 4876
1219 1220 2
1219 1220 2
1001 1218 4872
1218 1219 2
1218 1219 2
1001 1217 4868
1217 1218 2
1217 1218 2
1001 1216 4864
1216 1217 2
1216 1217 2
1001 1215 4860
1215 1216 2
1215 1216 2
1001 1214 4856
1214 1215 2
1214 1215 2
1001 1213 4852
1213 1214 2
1213 1214 2
1001 1212 4848
1212 1213 2
1212 1213 2
1001 1211 4844
1211 1212 2
1211 1212 2
1001 1210 4840
1210 1211 2
1210 1211 2
1001 1209 4836
1209 1210 2
1209 1210 2
1001 1208 4832
1208 1209 2
1208 1209 2
1001 1207 4828
1207 1208 2
1207 1208 2
1001 1206 4824
1206 1207 2
1206 1207 2
1001 1205 4820
1205 1206 2
1205 1206 2
1001 1204 4816
1204 1205 2
1204 1205 2
1001 1203 4812
1203 1204 2
1203 1204 2
1001 1202 4808
1202 1203 2
1202 1203 2
1001 1201 4804
1201 1202 2
1201 1202 2
1001 1200 4800
1200 1201 2
1200 1201 2
1001 1199 4796
1199 1200 2
1199 1200 2
1001 1198 4792
1198 1199 2
1198 1199 2
1001 1197 4788
1197 1198 2
1197 1198 2
1001 1196 4784
1196 1197 2
1196 1197 2
1001 1195 4780
1195 1196 2
1195 1196 2
1001 1194 4776
1194 1195 2
1194 1195 2
1001 1193 4772
1193 1194 2
1193 1194 2
1001 1192 4768
1192 1193 2
1192 1193 2
1001 1191 4764
1191 1192 2
1191 1192 2
1001 1190 4760
1190 1191 2
1190 1191 2
1001 1189 4756
1189 1190 2
1189 1190 2
1001 1188 4752
1188 1189 2
1188 1189 2
1001 1187 4748
1187 1188 2
1187 1188 2
1001 1186 4744
1186 1187 2
1186 1187 2
1001 1185 4740
1185 1186 2
1185 1186 2
1001 1184 4736
1184 1185 2
1184 1185 2
1001 1183 4732
1183 1184 2
1183 1184 2
1001 1182 4728
1182 1183 2
1182 1183 2
1001 1181 4724
1181 1182 2
1181 1182 2
1001 1180 4720
1180 1181 2
1180 1181 2
1001 1179 4716
1179 1180 2
1179 1180 2
1001 1178 4712
1178 1179 2
1178 1179 2
1001 1177 4708
1177 1178 2
1177 1178 2
1001 1176 4704
1176 1177 2
1176 1177 2
1001 1175 4700
1175 1176 2
1175 1176 2
1001 1174 4696
1174 1175 2
1174 1175 2
1001 1173 4692
1173 1174 2
1173 1174 2
1001 1172 4688
1172 1173 2
1172 1173 2
1001 1171 4684
1171 1172 2
1171 1172 2
1001 1170 4680
1170 1171 2
1170 1171 2
1001 1169 4676
1169 1170 2
1169 1170 2
1001 1168 4672
1168 1169 2
1168 1169 2
1001 1167 4668
1167 1168 2
1167 1168 2
1001 1166 4664
1166 1167 2
1166 1167 2
1001 1165 4660
1165 1166 2
1165 1166 2
1001 1164 4656
1164 1165 2
1164 1165 2
1001 1163 4652
1163 1164 2
1163 1164 2
1001 1162 4648
1162 1163 2
1162 1163 2
1001 1161 4644
1161 1162 2
1161 1162 2
1001 1160 4640
1160 1161 2
1160 1161 2
1001 1159 4636
1159 1160 2
1159 1160 2
1001 1158 4632
1158 1159 2
1158 1159 2
1001 1157 4628
1157 1158 2
1157 1158 2
1001 1156 4624
1156 1157 2
1156 1157 2
1001 1155 4620
1155 1156 2
1155 1156 2
1001 1154 4616
1154 1155 2
1154 1155 2
1001 1153 4612
1153 1154 2
1153 1154 2
1001 1152 4608
1152 1153 2
1152 1153 2
1001 1151 4604
1151 1152 2
1151 1152 2
1001 1150 4600
1150 1151 2
1150 1151 2
1001 1149 4596
1149 1150 2
1149 1150 2
1001 1148 4592
1148 1149 2
1148 1149 2
1001 1147 4588
1147 1148 2
1147 1148 2
1001 1146 4584
1146 1147 2
1146 1147 2
1001 1145 4580
1145 1146 2
1145 1146 2
1001 1144 4576
1144 1145 2
1144 1145 2
1001 1143 4572
1143 1144 2
1143 1144 2
1001 1142 4568
1142 1143 2
1142 1143 2
1001 1141 4564
1141 1142 2
1141 1142 2
1001 1140 4560
1140 1141 2
1140 1141 2
1001 1139 4556
1139 1140 2
1139 1140 2
1001 1138 4552
1138 1139 2
1138 1139 2
1001 1137 4548
1137 1138 2
1137 1138 2
1001 1136 4544
1136 1137 2
1136 1137 2
1001 1135 4540
1135 1136 2
1135 1136 2
1001 1134 4536
1134 1135 2
1134 1135 2
1001 1133 4532
1133 1134 2
1133 1134 2
1001 1132 4528
1132 1133 2
1132 1133 2
1001 1131 4524
1131 1132 2
1131 1132 2
1001 1130 4520
1130 1131 2
1130 1131 2
1001 1129 4516
1129 1130 2
1129 1130 2
1001 1128 4512
1128 1129 2
1128 1129 2
1001 1127 4508
1127 1128 2
1127 1128 2
1001 1126 4504
1126 1127 2
1126 1127 2
1001 1125 4500
1125 1126 2
1125 1126 2
1001 1124 4496
1124 1125 2
1124 1125 2
1001 1123 4492
1123 1124 2
1123 1124 2
1001 1122 4488
1122 1123 2
1122 1123 2
1001 1121 4484
1121 1122 2
1121 1122 2
1001 1120 4480
1120 1121 2
1120 1121 2
1001 1119 4476
1119 1120 2
1119 1120 2
1001 1118 4472
1118 1119 2
1118 1119 2
1001 1117 4468
1117 1118 2
1117 1118 2
1001 1116 4464
1116 1117 2
1116 1117 2
1001 1115 4460
1115 1116 2
1115 1116 2
1001 1114 4456
1114 1115 2
1114 1115 2
1001 1113 4452
1113 1114 2
1113 1114 2
1001 1112 4448
1112 1113 2
1112 1113 2
1001 1111 4444
1111 1112 2
1111 1112 2
1001 1110 4440
1110 1111 2
1110 1111 2
1001 1109 4436
1109 1110 2
1109 1110 2
1001 1108 4432
1108 1109 2
1108 1109 2
1001 1107 4428
1107 1108 2
1107 1108 2
1001 1106 4424
1106 1107 2
1106 1107 2
1001 1105 4420
1105 1106 2
1105 1106 2
1001 1104 4416
1104 1105 2
1104 1105 2
1001 1103 4412
1103 1104 2
1103 1104 2
1001 1102 4408
1102 1103 2
1102 1103 2
1001 1101 4404
1101 1102 2
1101 1102 2
1001 1100 4400
1100 1101 2
1100 1101 2
1001 1099 4396
1099 1100 2
1099 1100 2
1001 1098 4392
1098 1099 2
1098 1099 2
1001 1097 4388
1097 1098 2
1097 1098 2
1001 1096 4384
1096 1097 2
1096 1097 2
1001 1095 4380
1095 1096 2
1095 1096 2
1001 1094 4376
1094 1095 2
1094 1095 2
1001 1093 4372
1093 1094 2
1093 1094 2
1001 1092 4368
1092 1093 2
1092 1093 2
1001 1091 4364
1091 1092 2
1091 1092 2
1001 1090 4360
1090 1091 2
1090 1091 2
1001 1089 4356
1089 1090 2
1089 1090 2
1001 1088 4352
1088 1089 2
1088 1089 2
1001 1087 4348
1087 1088 2
1087 1088 2
1001 1086 4344
1086 1087 2
1086 1087 2
1001 1085 4340
1085 1086 2
1085 1086 2
1001 1084 4336
1084 1085 2
1084 1085 2
1001 1083 4332
1083 1084 2
1083 1084 2
1001 1082 4328
1082 1083 2
1082 1083 2
1001 1081 4324
1081 1082 2
1081 1082 2
1001 1080 4320
1080 1081 2
1080 1081 2
1001 1079 4316
1079 1080 2
1079 1080 2
1001 1078 4312
1078 1079 2
1078 1079 2
1001 1077 4308
1077 1078 2
1077 1078 2
1001 1076 4304
1076 1077 2
1076 1077 2
1001 1075 4300
1075 1076 2
1075 1076 2
1001 1074 4296
1074 1075 2
1074 1075 2
1001 1073 4292
1073 1074 2
1073 1074 2
1001 1072 4288
1072 1073 2
1072 1073 2
1001 1071 4284
1071 1072 2
1071 1072 2
1001 1070 4280
1070 1071 2
1070 1071 2
1001 1069 4276
1069 1070 2
1069 1070 2
1001 1068 4272
1068 1069 2
1068 1069 2
1001 1067 4268
1067 1068 2
1067 1068 2
1001 1066 4264
1066 1067 2
1066 1067 2
1001 1065 4260
1065 1066 2
1065 1066 2
1001 1064 4256
1064 1065 2
1064 1065 2
1001 1063 4252
1063 1064 2
1063 1064 2
1001 1062 4248
1062 1063 2
1062 1063 2
1001 1061 4244
1061 1062 2
1061 1062 2
1001 1060 4240
1060 1061 2
1060 1061 2
1001 1059 4236
1059 1060 2
1059 1060 2
1001 1058 4232
1058 1059 2
1058 1059 2
1001 1057 4228
1057 1058 2
1057 1058 2
1001 1056 4224
1056 1057 2
1056 1057 2
1001 1055 4220
1055 1056 2
1055 1056 2
1001 1054 4216
1054 1055 2
1054 1055 2
1001 1053 4212
1053 1054 2
1053 1054 2
1001 1052 4208
1052 1053 2
1052 1053 2
1001 1051 4204
1051 1052 2
1051 1052 2
1001 1050 4200
1050 1051 2
1050 1051 2
1001 1049 4196
1049 1050 2
1049 1050 2
1001 1048 4192
1048 1049 2
1048 1049 2
1001 1047 4188
1047 1048 2
1047 1048 2
1001 1046 4184
1046 1047 2
1046 1047 2
1001 1045 4180
1045 1046 2
1045 1046 2
1001 1044 4176
1044 1045 2
1044 1045 2
1001 1043 4172
1043 1044 2
1043 1044 2
1001 1042 4168
1042 1043 2
1042 1043 2
1001 1041 4164
1041 1042 2
1041 1042 2
1001 1040 4160
1040 1041 2
1040 1041 2
1001 1039 4156
1039 1040 2
1039 1040 2
1001 1038 4152
1038 1039 2
1038 1039 2
1001 1037 4148
1037 1038 2
1037 1038 2
1001 1036 4144
1036 1037 2
1036 1037 2
1001 1035 4140
1035 1036 2
1035 1036 2
1001 1034 4136
1034 1035 2
1034 1035 2
1001 1033 4132
1033 1034 2
1033 1034 2
1001 1032 4128
1032 1033 2
1032 1033 2
1001 1031 4124
1031 1032 2
1031 1032 2
1001 1030 4120
1030 1031 2
1030 1031 2
1001 1029 4116
1029 1030 2
1029 1030 2
1001 1028 4112
1028 1029 2
1028 1029 2
1001 1027 4108
1027 1028 2
1027 1028 2
1001 1026 4104
1026 1027 2
1026 1027 2
1001 1025 4100
1025 1026 2
1025 1026 2
1001 1024 4096
1024 1025 2
1024 1025 2
1001 1023 4092
1023 1024 2
1023 1024 2
1001 1022 4088
1022 1023 2
1022 1023 2
1001 1021 4084
1021 1022 2
1021 1022 2
1001 1020 4080
1020 1021 2
1020 1021 2
1001 1019 4076
1019 1020 2
1019 1020 2
1001 1018 4072
1018 1019 2
1018 1019 2
1001 1017 4068
1017 1018 2
1017 1018 2
1001 1016 4064
1016 1017 2
1016 1017 2
1001 1015 4060
1015 1016 2
1015 1016 2
1001 1014 4056
1014 1015 2
1014 1015 2
1001 1013 4052
1013 1014 2
1013 1014 2
1001 1012 4048
1012 1013 2
1012 1013 2
1001 1011 4044
1011 1012 2
1011 1012 2
1001 1010 4040
1010 1011 2
1010 1011 2
1001 1009 4036
1009 1010 2
1009 1010 2
1001 1008 4032
1008 1009 2
1008 1009 2
1001 1007 4028
1007 1008 2
1007 1008 2
1001 1006 4024
1006 1007 2
1006 1007 2
1001 1005 4020
1005 1006 2
1005 1006 2
1001 1004 4016
1004 1005 2
1004 1005 2
1001 1003 4012
1003 1004 2
1003 1004 2
1001 1002 4008
1002 1003 2
1002 1003 2
1001 2000 10000
